m,p,n,noise_level,ica_algo,nb_gaussian_disturbances,random_state,error_B,error_B_abs,error_T,error_T_abs,error_P_spearmanr,error_P_exact,amari_distance
3,3,1000,1.0,multiviewica,1,0,0.14282563664428632,0.1876873502717143,0.25504554828944215,0.2967313749860138,-0.4999999999999999,1.0,0.5708020437076883
3,3,1000,1.0,shica_j,1,0,0.03168231049610832,0.10595489868527334,0.03168231049610832,0.10595489868527334,0.9999999999999998,0.0,0.06999101442621725
3,3,1000,1.0,shica_ml,1,0,0.013352189604324863,0.07537423271039359,0.013352189604324861,0.07537423271039358,0.9999999999999998,0.0,0.034932444426919305
3,3,1000,1.0,multi_group_direct_lingam,1,0,0.00040468763515992437,0.009685801271785368,0.00040468763515992437,0.009685801271785368,0.9999999999999998,0.0,0.0014860776962384674
3,3,1000,1.0,lingam,1,0,0.07884126359863985,0.1298517711276999,0.14581863074066714,0.16208685271193424,0.0,0.6666666666666666,0.20409697878686214
3,3,1000,1.0,multiviewica,1,1,0.37162764260859543,0.33849138565753517,0.4227824922971039,0.4267498989759919,-0.4999999999999999,1.0,0.2938477906597127
3,3,1000,1.0,shica_j,1,1,0.00039760243724203695,0.012978823249218159,0.00039760243724203695,0.012978823249218159,0.9999999999999998,0.0,0.0008519938457601794
3,3,1000,1.0,shica_ml,1,1,0.00039472534251246876,0.011897257181789658,0.00039472534251246876,0.011897257181789658,0.9999999999999998,0.0,0.0008297591518427028
3,3,1000,1.0,multi_group_direct_lingam,1,1,0.0003471169253246053,0.008774198581087893,0.00034711692532460526,0.008774198581087893,0.9999999999999998,0.0,0.0009196756940488393
3,3,1000,1.0,lingam,1,1,0.019683467475922336,0.044846027939757775,0.3604837675657136,0.17595342470661335,0.8333333333333331,0.3333333333333333,0.07968280629391696
3,6,1000,1.0,multiviewica,2,0,1.1900611729460016,0.672415984006579,1.5719925229991898,0.7534874197143916,-0.02857142857142858,1.0,0.7462968896074478
3,6,1000,1.0,shica_j,2,0,1.1220239259684048,0.4923129834949107,1.673904259276477,0.7091350091573142,0.7714285714285714,1.0,0.12458741510324106
3,6,1000,1.0,shica_ml,2,0,0.6412660764208207,0.3795789133514655,0.4193692617459875,0.3237979401320685,0.7714285714285714,1.0,0.22088500065301594
3,6,1000,1.0,multi_group_direct_lingam,2,0,0.7524634352550228,0.45973606507329934,1.0521923821729542,0.5053394605643191,0.48571428571428565,1.0,0.33878085616175824
3,6,1000,1.0,lingam,2,0,0.34973206968270615,0.26820511431138244,0.778743091881597,0.42652218115388085,0.5047619047619047,1.0,0.2801820632366359
3,6,1000,1.0,multiviewica,2,1,0.2883209167902962,0.2997712876684091,1.1817438403734513,0.7113072303949401,-0.5999999999999999,1.0,0.5762019372310461
3,6,1000,1.0,shica_j,2,1,0.003717311370154656,0.040020208995906185,0.0037173113701546557,0.04002020899590618,0.9999999999999999,0.0,0.006142199808050408
3,6,1000,1.0,shica_ml,2,1,0.002256244106028012,0.028606286423485644,0.002256244106028012,0.028606286423485647,0.9999999999999999,0.0,0.0047286669688540025
3,6,1000,1.0,multi_group_direct_lingam,2,1,0.002909914400591989,0.020684227342978832,0.002909914400591989,0.020684227342978832,0.9999999999999999,0.0,0.004408159555403998
3,6,1000,1.0,lingam,2,1,0.21200390677879458,0.2236292526345427,0.6870870485789795,0.4284323464494391,-0.33333333333333326,1.0,0.5318447708409277
3,9,1000,1.0,multiviewica,3,0,1.0945320335501714,0.5383769277739633,1.4998380205314887,0.7748008599069719,0.13333333333333336,1.0,0.5875660103192925
3,9,1000,1.0,shica_j,3,0,0.056623190265430105,0.14023675213293657,0.5408965353723357,0.42693824761406485,0.7833333333333332,1.0,0.0884843461329079
3,9,1000,1.0,shica_ml,3,0,0.017249570540004484,0.08564813204139719,0.448945467721552,0.2834571552542182,0.9333333333333331,1.0,0.025984286585344362
3,9,1000,1.0,multi_group_direct_lingam,3,0,0.4074973970904117,0.31294884280281693,0.7075900331050944,0.4374472304021594,0.1166666666666667,1.0,0.5136524340891198
3,9,1000,1.0,lingam,3,0,0.15910625825872468,0.2050247102840955,0.7260217649132814,0.45604399348765606,0.23333333333333328,1.0,0.3987731971078597
3,9,1000,1.0,multiviewica,3,1,1.6701233219329024,0.5531428656860307,2.6826078987034707,0.8374700432495911,-0.95,1.0,1.1977967160190826
3,9,1000,1.0,shica_j,3,1,0.015518029268184989,0.07632565455364254,0.5018797424866865,0.27626021853567545,0.9833333333333332,1.0,0.02699562415409074
3,9,1000,1.0,shica_ml,3,1,0.01740581791911717,0.07574985922636077,0.01740581791911717,0.07574985922636074,0.9999999999999999,0.0,0.018701353813407044
3,9,1000,1.0,multi_group_direct_lingam,3,1,0.6354771698552912,0.44083759385029897,1.156020619637399,0.5238202309110486,-0.4499999999999999,1.0,0.6691181635356297
3,9,1000,1.0,lingam,3,1,0.1912660201161382,0.22177920275407487,0.9243293421898755,0.4804499499722805,0.005555555555555587,1.0,0.3891283474717999
5,3,1000,1.0,multiviewica,1,0,0.35294313829310164,0.3663763335442123,0.3529431382931017,0.3663763335442123,0.9999999999999998,0.0,0.47560266844288607
5,3,1000,1.0,shica_j,1,0,0.0031129182553241777,0.03612044615557156,0.0031129182553241777,0.036120446155571556,0.9999999999999998,0.0,0.007162580478162768
5,3,1000,1.0,shica_ml,1,0,0.004630575859365212,0.042960687827022295,0.004630575859365211,0.042960687827022295,0.9999999999999998,0.0,0.01071501008810174
5,3,1000,1.0,multi_group_direct_lingam,1,0,0.0007334191352757216,0.011651246574610195,0.0007334191352757216,0.011651246574610195,0.9999999999999998,0.0,0.0021028092991619415
5,3,1000,1.0,lingam,1,0,0.13379563983012685,0.1116941666868646,0.1919672669983887,0.15528795112182284,0.6999999999999998,0.6,0.04855306266372485
5,3,1000,1.0,multiviewica,1,1,0.25565650445422994,0.22004308893957106,0.25565650445422994,0.220043088939571,0.9999999999999998,0.0,0.19972507465061135
5,3,1000,1.0,shica_j,1,1,0.0007279986710071076,0.016481796554464398,0.0007279986710071076,0.0164817965544644,0.9999999999999998,0.0,0.0020262932734611107
5,3,1000,1.0,shica_ml,1,1,0.00028684813018764005,0.010213435197256671,0.00028684813018764005,0.01021343519725667,0.9999999999999998,0.0,0.0005088001656427126
5,3,1000,1.0,multi_group_direct_lingam,1,1,0.00024779839755809715,0.008047665024850017,0.00024779839755809715,0.008047665024850017,0.9999999999999998,0.0,0.0009796657658326156
5,3,1000,1.0,lingam,1,1,0.004334395425910405,0.021001646471976325,0.13133706534063205,0.084308472044168,0.5999999999999999,0.2,0.014526638054351079
5,6,1000,1.0,multiviewica,2,0,0.9186965709585766,0.48150432826737305,0.9186965709585765,0.48150432826737294,0.9999999999999999,0.0,0.5635476848085894
5,6,1000,1.0,shica_j,2,0,0.027343552461755422,0.08636112131685102,0.02734355246175543,0.086361121316851,0.9999999999999999,0.0,0.05097739527620528
5,6,1000,1.0,shica_ml,2,0,0.0056633973998357874,0.03798127108852315,0.005663397399835789,0.03798127108852315,0.9999999999999999,0.0,0.010712923387458622
5,6,1000,1.0,multi_group_direct_lingam,2,0,0.45582493023495,0.34986664295839226,1.122457660404914,0.5150861468961191,0.31428571428571417,1.0,0.5080421543533983
5,6,1000,1.0,lingam,2,0,0.15721777573362383,0.16046621146971185,0.5431470480813126,0.3293635564499361,0.2571428571428571,1.0,0.24767863139385518
5,6,1000,1.0,multiviewica,2,1,0.46053271351131775,0.3222728298877947,1.6455439202247637,0.8159874634977352,0.25714285714285706,1.0,0.5674911309983905
5,6,1000,1.0,shica_j,2,1,0.0037214104248498225,0.03710091974514837,0.0037214104248498225,0.03710091974514837,0.9999999999999999,0.0,0.0039540084374903636
5,6,1000,1.0,shica_ml,2,1,0.0026076628717847296,0.02850387531279799,0.0026076628717847305,0.02850387531279799,0.9999999999999999,0.0,0.0026386322388197566
5,6,1000,1.0,multi_group_direct_lingam,2,1,0.14103489968501934,0.15404142143925192,0.9019332831939816,0.46388296393186845,0.3714285714285714,1.0,0.2815600254143709
5,6,1000,1.0,lingam,2,1,0.19716939761153543,0.19640487609521845,0.6670074667832222,0.3740306669846017,-0.09714285714285713,1.0,0.22501175671760532
5,9,1000,1.0,multiviewica,3,0,205.36153477899052,2.772286741914675,204.3424594577435,2.894486662200104,-0.31666666666666665,1.0,1.2156469590942793
5,9,1000,1.0,shica_j,3,0,0.00890039561014963,0.06391864326113161,0.00890039561014963,0.06391864326113161,0.9999999999999999,0.0,0.021283376486730878
5,9,1000,1.0,shica_ml,3,0,0.004538306549846821,0.04112425225199691,0.00453830654984682,0.04112425225199691,0.9999999999999999,0.0,0.010483352846088097
5,9,1000,1.0,multi_group_direct_lingam,3,0,0.23921812628720598,0.24443455868710603,0.5824472881624081,0.39921771073632173,0.3833333333333333,1.0,0.47679593737287895
5,9,1000,1.0,lingam,3,0,0.17421294336457982,0.18931073503427792,0.802945668408831,0.44180380971225086,0.3366666666666666,1.0,0.3433198324537579
5,9,1000,1.0,multiviewica,3,1,2.9091318752309556,0.7875026551593286,3.661383238590157,1.0960444479384073,-0.29999999999999993,1.0,0.7413951906576551
5,9,1000,1.0,shica_j,3,1,0.009286143191101857,0.05567843427015577,0.009286143191101858,0.05567843427015577,0.9999999999999998,0.0,0.0096400853290432
5,9,1000,1.0,shica_ml,3,1,0.007071159344348152,0.03714870748245752,0.007071159344348153,0.037148707482457514,0.9999999999999998,0.0,0.005011381481744557
5,9,1000,1.0,multi_group_direct_lingam,3,1,0.9304357930773982,0.4508476691058296,1.3086239664795107,0.5440484670799344,0.6499999999999999,1.0,0.5800659058229013
5,9,1000,1.0,lingam,3,1,0.20006983044001317,0.21775863282709057,0.7199446353984801,0.42154701939102734,0.09666666666666668,1.0,0.449692970176016
8,3,1000,1.0,multiviewica,1,0,1.8806574877750633,0.5734607312636615,2.214381164708911,0.5680064981857814,0.4999999999999999,1.0,0.5244343655311954
8,3,1000,1.0,shica_j,1,0,0.0012265426706975803,0.021456381466775754,0.0012265426706975803,0.021456381466775754,0.9999999999999998,0.0,0.002577021573177453
8,3,1000,1.0,shica_ml,1,0,0.0009456230591341665,0.014901703445748263,0.0009456230591341665,0.014901703445748263,0.9999999999999998,0.0,0.0012104151572952895
8,3,1000,1.0,multi_group_direct_lingam,1,0,0.0031544020745024426,0.02121291206728266,0.0031544020745024426,0.02121291206728266,0.9999999999999998,0.0,0.0035077288916328434
8,3,1000,1.0,lingam,1,0,0.0760566744694664,0.11833666517801432,0.13799183981298904,0.14410441199557403,0.4999999999999999,0.5,0.17779867765862656
8,3,1000,1.0,multiviewica,1,1,0.20826174492748625,0.2781487496436891,0.20826174492748623,0.2781487496436891,0.9999999999999998,0.0,0.4167325927181517
8,3,1000,1.0,shica_j,1,1,0.0005323388774193337,0.01451293169720815,0.0005323388774193338,0.01451293169720815,0.9999999999999998,0.0,0.0009407495595675913
8,3,1000,1.0,shica_ml,1,1,0.0003655536112575287,0.01079402897585764,0.0003655536112575287,0.01079402897585764,0.9999999999999998,0.0,0.0008748567313559691
8,3,1000,1.0,multi_group_direct_lingam,1,1,0.0005562377780390522,0.009453380385296785,0.0005562377780390522,0.009453380385296785,0.9999999999999998,0.0,0.0013488495436733
8,3,1000,1.0,lingam,1,1,0.007626760806037148,0.03206027594073476,0.037169476191120564,0.06397961317694592,0.18749999999999994,0.625,0.025469150655615207
8,6,1000,1.0,multiviewica,2,0,1.2155090079146258,0.4710643582115915,2.0008171016102825,0.7865292855868391,0.2571428571428571,1.0,0.7741400174595781
8,6,1000,1.0,shica_j,2,0,0.007688945535382523,0.04838215238046696,0.007688945535382525,0.04838215238046695,0.9999999999999999,0.0,0.01688420672223003
8,6,1000,1.0,shica_ml,2,0,0.0045619502189339555,0.037438949707686686,0.0045619502189339555,0.037438949707686686,0.9999999999999999,0.0,0.010847477520906274
8,6,1000,1.0,multi_group_direct_lingam,2,0,0.01913145401097608,0.04197205192542511,0.30260988033608655,0.22366519121321543,0.7714285714285714,1.0,0.07816964446836136
8,6,1000,1.0,lingam,2,0,0.09887891151147829,0.14933985289878557,0.5957785746657382,0.3715299909692671,0.22857142857142854,1.0,0.3279320986505388
8,6,1000,1.0,multiviewica,2,1,7.320772471814641,0.7773365137150449,8.804790553261576,1.097309764938287,0.5428571428571428,1.0,0.5749912411673261
8,6,1000,1.0,shica_j,2,1,0.0022623762670045105,0.029157660135725492,0.0022623762670045105,0.029157660135725492,0.9999999999999998,0.0,0.004071554097096482
8,6,1000,1.0,shica_ml,2,1,0.0014388338951633298,0.023040483147325493,0.0014388338951633298,0.023040483147325493,0.9999999999999998,0.0,0.002819770561128828
8,6,1000,1.0,multi_group_direct_lingam,2,1,0.0013115024128891879,0.015740579419658753,0.0013115024128891879,0.015740579419658753,0.9999999999999998,0.0,0.004079558066729097
8,6,1000,1.0,lingam,2,1,0.1636488188595826,0.18823373251703232,0.7960429228587016,0.42423896727992255,0.18571428571428567,1.0,0.300304159078274
8,9,1000,1.0,multiviewica,3,0,1.2364543914759218,0.6236818681514701,1.5287660106711631,0.7175762012261866,0.9333333333333332,1.0,0.9051747012705085
8,9,1000,1.0,shica_j,3,0,0.003915166542844117,0.04003768697833108,0.003915166542844117,0.040037686978331065,0.9999999999999999,0.0,0.007599808879140881
8,9,1000,1.0,shica_ml,3,0,0.0024487919406072315,0.03008606573299736,0.0024487919406072315,0.030086065732997356,0.9999999999999999,0.0,0.004377074701626181
8,9,1000,1.0,multi_group_direct_lingam,3,0,0.0016503384779819866,0.019920936289026647,0.0016503384779819866,0.019920936289026647,0.9999999999999999,0.0,0.004157409254880173
8,9,1000,1.0,lingam,3,0,0.25545562653158055,0.263319659825772,0.683077172837621,0.42000524430070174,0.14375,1.0,0.4982164682924719
8,9,1000,1.0,multiviewica,3,1,1.384860346365257,0.6096557237209872,1.8320986758205666,0.8091858807711456,-0.04999999999999993,1.0,0.9454314604929843
8,9,1000,1.0,shica_j,3,1,0.004449662333098379,0.04487476790509955,0.004449662333098379,0.04487476790509955,0.9999999999999999,0.0,0.008666654287666525
8,9,1000,1.0,shica_ml,3,1,0.0018594364468396331,0.026155730029588986,0.0018594364468396331,0.026155730029588986,0.9999999999999999,0.0,0.00426333287392237
8,9,1000,1.0,multi_group_direct_lingam,3,1,1.4957397462316622,0.43229645954110124,1.9016111932880995,0.4761394714384152,0.3833333333333333,1.0,0.6242108060331463
8,9,1000,1.0,lingam,3,1,0.23281349804316132,0.2123013009166232,0.7286206802242771,0.42275660571744617,0.4208333333333333,1.0,0.40060378409249525
12,3,1000,1.0,multiviewica,1,0,0.6329508095113252,0.40586600541699525,1.7514902836646276,0.8506974283698456,-0.4999999999999999,1.0,0.6135487561643957
12,3,1000,1.0,shica_j,1,0,0.0023454063944671416,0.027405432687435678,0.0023454063944671416,0.027405432687435678,0.9999999999999998,0.0,0.0036471715288281625
12,3,1000,1.0,shica_ml,1,0,0.0009254819263367896,0.016078292410434077,0.0009254819263367896,0.016078292410434073,0.9999999999999998,0.0,0.001531002230678458
12,3,1000,1.0,multi_group_direct_lingam,1,0,0.19612920294317998,0.17072053791526456,0.5717587387659,0.3020211732188284,0.4999999999999999,1.0,0.2304963656832352
12,3,1000,1.0,lingam,1,0,0.05319205735481572,0.08791845771025121,0.30205051320810794,0.17041414577860897,0.49999999999999994,0.4166666666666667,0.12225435429760383
12,3,1000,1.0,multiviewica,1,1,0.9522851900032926,0.43995451676966096,0.9522851900032926,0.43995451676966096,0.9999999999999998,0.0,0.38582285745099654
12,3,1000,1.0,shica_j,1,1,0.0010065589926848302,0.01701539419358689,0.0010065589926848302,0.01701539419358689,0.9999999999999998,0.0,0.0013773443755876254
12,3,1000,1.0,shica_ml,1,1,0.0006650812579757469,0.011629478622533586,0.0006650812579757469,0.011629478622533586,0.9999999999999998,0.0,0.0010049903630389371
12,3,1000,1.0,multi_group_direct_lingam,1,1,0.0011230346609981832,0.011671603505897556,0.0011230346609981832,0.011671603505897556,0.9999999999999998,0.0,0.0011541708952773867
12,3,1000,1.0,lingam,1,1,0.023723702097809964,0.048798308546114784,0.21076501983560536,0.12818798325942019,0.8333333333333331,0.3333333333333333,0.0726057843344033
12,6,1000,1.0,multiviewica,2,0,0.8978967139826489,0.40432086269995543,1.6222053312128868,0.6949634019187416,0.3714285714285714,1.0,0.490227883005588
12,6,1000,1.0,shica_j,2,0,0.002316165581959425,0.03174244944024173,0.002316165581959425,0.03174244944024173,0.9999999999999999,0.0,0.003619107525403791
12,6,1000,1.0,shica_ml,2,0,0.0015292536566282686,0.02325761122999334,0.0015292536566282686,0.023257611229993338,0.9999999999999999,0.0,0.002429640142669518
12,6,1000,1.0,multi_group_direct_lingam,2,0,0.0735041291635483,0.07944443053957599,0.42597828530902765,0.2520569367698264,0.9428571428571427,1.0,0.07903262297677434
12,6,1000,1.0,lingam,2,0,0.10452779587004825,0.15457276166960504,0.5571385613122575,0.3423007715638576,0.3857142857142857,0.9166666666666666,0.32329594428370423
12,6,1000,1.0,multiviewica,2,1,54.14353681711373,1.2367778448498876,56.62446520674317,1.6667954749899805,-0.5428571428571428,1.0,0.6022530494758364
12,6,1000,1.0,shica_j,2,1,0.0018170655296120399,0.02744287978758059,0.0018170655296120399,0.02744287978758059,0.9999999999999999,0.0,0.00377822346138065
12,6,1000,1.0,shica_ml,2,1,0.0012384178642339003,0.020001422076438593,0.0012384178642339003,0.020001422076438593,0.9999999999999999,0.0,0.0025083733673431597
12,6,1000,1.0,multi_group_direct_lingam,2,1,0.26717022647900895,0.23336561758080987,0.5779914159221143,0.3641298522947292,0.8857142857142857,1.0,0.44437712509281924
12,6,1000,1.0,lingam,2,1,0.23777461014765636,0.18859305414956473,0.6594112962509672,0.35831119722164506,0.4857142857142857,1.0,0.28835703903608434
12,9,1000,1.0,multiviewica,3,0,23.961051301056962,1.4477784070323598,24.43054290177328,1.6746285368471665,0.4333333333333333,1.0,0.839642993747001
12,9,1000,1.0,shica_j,3,0,0.00746341614942081,0.04847988956770969,0.007463416149420809,0.04847988956770969,0.9999999999999999,0.0,0.00757268695138041
12,9,1000,1.0,shica_ml,3,0,0.003970050177880943,0.03474872649186226,0.003970050177880944,0.03474872649186225,0.9999999999999999,0.0,0.004722797330471026
12,9,1000,1.0,multi_group_direct_lingam,3,0,0.42888127159565154,0.3432024876070392,0.7325689484639519,0.44663736705997004,-0.1499999999999999,1.0,0.5704818740262517
12,9,1000,1.0,lingam,3,0,0.27000592956073316,0.2178084688550971,0.9165839718394446,0.4732259079048768,0.36111111111111116,1.0,0.32347285555362837
12,9,1000,1.0,multiviewica,3,1,7.797200012553325,0.8486901387719293,8.468678331756905,1.1751731706212623,0.04999999999999995,1.0,0.8675743536566108
12,9,1000,1.0,shica_j,3,1,0.004069752225004592,0.04078153307877517,0.004069752225004592,0.04078153307877516,0.9999999999999999,0.0,0.006846262823033314
12,9,1000,1.0,shica_ml,3,1,0.0025709697831917825,0.029004893874263204,0.002570969783191782,0.0290048938742632,0.9999999999999999,0.0,0.00405213978738661
12,9,1000,1.0,multi_group_direct_lingam,3,1,0.15684765356810015,0.13632281406469507,0.5557002615629776,0.3287009153994311,0.8166666666666665,1.0,0.18373246717777358
12,9,1000,1.0,lingam,3,1,0.199012079266571,0.20485961114040624,0.6620478209117349,0.39239782308250243,0.42916666666666664,1.0,0.39461140811635215
16,3,1000,1.0,multiviewica,1,0,1.074391885461269,0.49948806840399546,1.5324578433724396,0.7324622074642707,-0.9999999999999998,1.0,0.6692276265515991
16,3,1000,1.0,shica_j,1,0,0.0015208458129808968,0.022723876757314826,0.0015208458129808968,0.022723876757314822,0.9999999999999998,0.0,0.002360926899832326
16,3,1000,1.0,shica_ml,1,0,0.0007995311795336774,0.015910852591895827,0.0007995311795336776,0.015910852591895827,0.9999999999999998,0.0,0.001474252544329808
16,3,1000,1.0,multi_group_direct_lingam,1,0,0.1167214984562645,0.14641458551198694,0.46613235651330637,0.2894181629690549,0.4999999999999999,1.0,0.2315193828071942
16,3,1000,1.0,lingam,1,0,0.10432889382850975,0.1433528796718101,0.261978974041362,0.1953132806525143,0.4062499999999999,0.6875,0.23401575329390573
16,3,1000,1.0,multiviewica,1,1,1.3535469058167382,0.45251443300524197,1.8154509516816644,0.6248137548022101,0.4999999999999999,1.0,0.3556040128955102
16,3,1000,1.0,shica_j,1,1,0.0005887890550028572,0.014904716725798746,0.0005887890550028572,0.014904716725798746,0.9999999999999998,0.0,0.0014959897731940627
16,3,1000,1.0,shica_ml,1,1,0.0004887074953677287,0.011928644028273039,0.0004887074953677287,0.011928644028273039,0.9999999999999998,0.0,0.0011432382612701513
16,3,1000,1.0,multi_group_direct_lingam,1,1,0.0005712821676661111,0.009540044803445887,0.0005712821676661111,0.009540044803445887,0.9999999999999998,0.0,0.0011150924295924916
16,3,1000,1.0,lingam,1,1,0.03876040883713085,0.05234939889536021,0.0813511164205942,0.0752003715363406,0.8749999999999998,0.25,0.04225557324650925
16,6,1000,1.0,multiviewica,2,0,0.6133343002383861,0.3865990890760537,1.3126145914708123,0.720887179489247,-0.31428571428571417,1.0,0.579666121309512
16,6,1000,1.0,shica_j,2,0,0.001852853566523546,0.027280350472633705,0.001852853566523546,0.027280350472633705,0.9999999999999999,0.0,0.003462635748779773
16,6,1000,1.0,shica_ml,2,0,0.0013203729984293702,0.020186022772145252,0.00132037299842937,0.02018602277214525,0.9999999999999999,0.0,0.0024217622213227145
16,6,1000,1.0,multi_group_direct_lingam,2,0,0.330030567180915,0.30688591446751134,0.6235635009549968,0.4243605036287473,0.31428571428571417,1.0,0.5237920403124635
16,6,1000,1.0,lingam,2,0,0.12339360251434688,0.1705177299763152,0.7507688043583567,0.424308442759326,0.09285714285714286,1.0,0.28240540872149844
16,6,1000,1.0,multiviewica,2,1,0.9278888756939347,0.4776777303343595,1.567925000509751,0.7487242942315048,0.3142857142857142,1.0,0.5734965232915563
16,6,1000,1.0,shica_j,2,1,0.002346687023472514,0.028576358539432627,0.002346687023472514,0.02857635853943262,0.9999999999999998,0.0,0.003976110980374329
16,6,1000,1.0,shica_ml,2,1,0.0012926835206404752,0.021023435786277023,0.0012926835206404754,0.021023435786277023,0.9999999999999998,0.0,0.0022604088416722234
16,6,1000,1.0,multi_group_direct_lingam,2,1,0.0012934819106258778,0.01712332056848206,0.0012934819106258778,0.01712332056848206,0.9999999999999998,0.0,0.0032913621389028423
16,6,1000,1.0,lingam,2,1,0.052147210269995414,0.09580064379339812,0.5414000404231849,0.3243263911742664,0.49642857142857133,0.9375,0.14630839318220087
16,9,1000,1.0,multiviewica,3,0,28.79736255440607,1.0271189976123452,29.685718462667854,1.326469284346976,-0.1333333333333333,1.0,0.6237522463990703
16,9,1000,1.0,shica_j,3,0,0.00344188615826444,0.0373418664751292,0.00344188615826444,0.0373418664751292,0.9999999999999999,0.0,0.006212540048658384
16,9,1000,1.0,shica_ml,3,0,0.0025946801243334587,0.03164103150909941,0.0025946801243334583,0.03164103150909941,0.9999999999999999,0.0,0.004403252088850025
16,9,1000,1.0,multi_group_direct_lingam,3,0,0.49497706337871566,0.2912251309562293,0.8809660026787003,0.42143992291153276,0.55,1.0,0.301417529027855
16,9,1000,1.0,lingam,3,0,0.18336443603205266,0.18297916616538853,0.8477314262286663,0.45457465108667894,0.19687500000000002,1.0,0.27956313795442295
16,9,1000,1.0,multiviewica,3,1,249.4060063186258,2.2967286505990727,250.01512812227358,2.5149626660923823,0.2,1.0,1.0518291747882353
16,9,1000,1.0,shica_j,3,1,0.004119931722662067,0.039462676975469804,0.004119931722662068,0.039462676975469804,0.9999999999999998,0.0,0.006446390454885927
16,9,1000,1.0,shica_ml,3,1,0.0026444775815479197,0.028306591971676495,0.0026444775815479197,0.028306591971676502,0.9999999999999998,0.0,0.004027914504549027
16,9,1000,1.0,multi_group_direct_lingam,3,1,0.14427161504201913,0.09714940076057083,0.3479543187942242,0.1966199153062834,0.9333333333333333,1.0,0.0625240374466187
16,9,1000,1.0,lingam,3,1,0.18810284746192532,0.20519058173324467,0.7853935192048932,0.4605905248161591,-0.24062499999999995,1.0,0.4516137347621649
20,3,1000,1.0,multiviewica,1,0,112.72802895062642,1.3657575476382542,113.38683985405929,1.3844411816163507,0.4999999999999999,1.0,0.5509376811991498
20,3,1000,1.0,shica_j,1,0,0.0007986972902707393,0.017393206137864853,0.0007986972902707393,0.017393206137864853,0.9999999999999998,0.0,0.002208662517816832
20,3,1000,1.0,shica_ml,1,0,0.00045661990747258743,0.012087424800278596,0.00045661990747258743,0.012087424800278596,0.9999999999999998,0.0,0.0009762593883800111
20,3,1000,1.0,multi_group_direct_lingam,1,0,0.20911627939065514,0.23171872584754824,0.46858567349249003,0.2909252962679623,0.4999999999999999,1.0,0.1707260354080367
20,3,1000,1.0,lingam,1,0,0.021914448628704015,0.04614542973374002,0.20791708183509874,0.13063776187979878,0.8249999999999998,0.35,0.06340193038316058
20,3,1000,1.0,multiviewica,1,1,3.6794800553294755,0.6409666374268218,3.7884910543005463,0.775237093905288,0.4999999999999999,1.0,0.3936007695585666
20,3,1000,1.0,shica_j,1,1,0.0011735315674897217,0.01734108977714638,0.0011735315674897217,0.01734108977714638,0.9999999999999998,0.0,0.0016695638794666662
20,3,1000,1.0,shica_ml,1,1,0.0007802196592594451,0.013081988986305242,0.0007802196592594451,0.013081988986305242,0.9999999999999998,0.0,0.0011673898742679677
20,3,1000,1.0,multi_group_direct_lingam,1,1,0.0005270481353735568,0.009194436858463306,0.0005270481353735568,0.009194436858463306,0.9999999999999998,0.0,0.0011457481662199547
20,3,1000,1.0,lingam,1,1,0.0814490824239246,0.09013905518234851,0.36126198667057224,0.16961188151804418,0.6749999999999998,0.45,0.0858165179807722
20,6,1000,1.0,multiviewica,2,0,10.423830714956623,0.85405381786414,11.272152987560112,1.0759428643462763,0.4285714285714285,1.0,0.508846153261566
20,6,1000,1.0,shica_j,2,0,0.0021120036859005814,0.029044665796461585,0.0021120036859005814,0.029044665796461585,0.9999999999999999,0.0,0.003140345911114831
20,6,1000,1.0,shica_ml,2,0,0.001630888221533669,0.022976794700076752,0.0016308882215336686,0.022976794700076752,0.9999999999999999,0.0,0.0025024551606399755
20,6,1000,1.0,multi_group_direct_lingam,2,0,0.1211849102891772,0.11029243416152891,0.5640240581491244,0.30305797095235704,0.7714285714285714,1.0,0.09674777934274716
20,6,1000,1.0,lingam,2,0,0.172735747779162,0.1845841520573163,0.6300669230985144,0.3474370694564683,0.5657142857142856,0.9,0.22911099356290995
20,6,1000,1.0,multiviewica,2,1,31.53374255972887,0.9452838271734406,32.31479742984327,1.2511897382385908,0.1428571428571428,1.0,0.6475163828390774
20,6,1000,1.0,shica_j,2,1,0.0024304749183299123,0.0319557657471812,0.002430474918329913,0.031955765747181196,0.9999999999999999,0.0,0.004060615987170733
20,6,1000,1.0,shica_ml,2,1,0.0018091087754690501,0.02454120720629386,0.0018091087754690501,0.02454120720629386,0.9999999999999999,0.0,0.00296339235016057
20,6,1000,1.0,multi_group_direct_lingam,2,1,0.0011586285874852131,0.015456854987030049,0.0011586285874852131,0.015456854987030047,0.9999999999999999,0.0,0.002593361068313438
20,6,1000,1.0,lingam,2,1,0.13048741710390152,0.15632312988079222,0.6455632430159894,0.37723277141327627,0.1657142857142857,0.95,0.24492147802903527
20,9,1000,1.0,multiviewica,3,0,6.644858130891119,0.834740581001372,7.637727396599776,1.1779159847476328,0.6833333333333332,1.0,0.842861794517798
20,9,1000,1.0,shica_j,3,0,0.0038509746393061515,0.04103159708176979,0.0038509746393061515,0.04103159708176979,0.9999999999999999,0.0,0.005952719828959728
20,9,1000,1.0,shica_ml,3,0,0.0026722364952952026,0.031039541844803058,0.0026722364952952026,0.031039541844803058,0.9999999999999999,0.0,0.004242890352203689
20,9,1000,1.0,multi_group_direct_lingam,3,0,0.04773761752078665,0.05448346916578399,0.35766957386894793,0.21117745163427362,0.8499999999999999,1.0,0.07756075111339318
20,9,1000,1.0,lingam,3,0,0.21952120022154256,0.20547418996968864,0.750864314522273,0.4305463406783319,0.255,1.0,0.3941685821822115
20,9,1000,1.0,multiviewica,3,1,11.728589787172206,0.958391423714054,12.543513176494129,1.2726587026826717,-0.5833333333333333,1.0,0.9742522060227179
20,9,1000,1.0,shica_j,3,1,0.0036306528474881754,0.03791671128407071,0.0036306528474881754,0.03791671128407071,0.9999999999999998,0.0,0.00562560673303544
20,9,1000,1.0,shica_ml,3,1,0.0022474631940604256,0.026865249288597917,0.0022474631940604256,0.026865249288597917,0.9999999999999998,0.0,0.0036331399229010174
20,9,1000,1.0,multi_group_direct_lingam,3,1,0.0023934260646232,0.023328262780013053,0.0023934260646232006,0.023328262780013053,0.9999999999999998,0.0,0.006358343117958527
20,9,1000,1.0,lingam,3,1,0.21774976723504702,0.20990223924754137,0.8162892977405036,0.4593291511180184,0.185,1.0,0.337040467739788
