ica_algo,nb_gaussian_sources,n,random_state,error_P,error_B
multiviewica,2,100,0,0,0.05408011401686741
shica_j,2,100,0,0,0.013366585368838441
shica_ml,2,100,0,0,0.012015842190992441
multiviewica,2,100,1,0,0.13821063269277706
shica_j,2,100,1,0,0.6660278590098173
shica_ml,2,100,1,0,0.17899307471136333
multiviewica,2,1000,0,0,0.043044079358674624
shica_j,2,1000,0,0,0.0190028334701739
shica_ml,2,1000,0,0,0.0004526005709482292
multiviewica,2,1000,1,1,0.5752620408565987
shica_j,2,1000,1,0,0.016972718202023444
shica_ml,2,1000,1,0,0.0012619818562109564
multiviewica,2,10000,0,0,0.0021958734002000117
shica_j,2,10000,0,1,0.8104251981683456
shica_ml,2,10000,0,0,4.371986741897184e-05
multiviewica,2,10000,1,0,0.026903953538880993
shica_j,2,10000,1,1,0.7728872683377249
shica_ml,2,10000,1,0,0.00016343246633502743
