m,p,n,noise_level,ica_algo,nb_gaussian_disturbances,nb_equal_variances,random_state,error_B,error_B_abs,error_T,error_T_abs,error_P_spearmanr,error_P_exact,amari_distance
5,4,1000,1.0,shica_j,2,0,0,0.018560843195444106,0.06765610173792565,0.018560843195444106,0.06765610173792565,1.0,0,0.030311147433720605
5,4,1000,1.0,shica_ml,2,0,0,0.0004525999936904352,0.014002328315565197,0.0004525999936904353,0.014002328315565197,1.0,0,0.000945759585027972
5,4,1000,1.0,shica_j,2,0,1,0.01704446955489335,0.06635450093799228,0.017044469554893353,0.06635450093799226,1.0,0,0.039216314812401815
5,4,1000,1.0,shica_ml,2,0,1,0.001261910535716467,0.02114096387952003,0.001261910535716467,0.02114096387952003,1.0,0,0.0017115608260457437
5,4,1000,1.0,shica_j,2,0,2,0.012945024833467256,0.06313980534230237,0.012945024833467256,0.06313980534230237,1.0,0,0.02183136075924989
5,4,1000,1.0,shica_ml,2,0,2,0.0004867717902060496,0.015548835390448679,0.0004867717902060496,0.015548835390448679,1.0,0,0.0008603734732962109
5,4,1000,1.0,shica_j,2,0,3,0.28141020706300135,0.29789909653924174,0.835997827501275,0.42078164532818996,0.7999999999999999,1,0.44416017002974073
5,4,1000,1.0,shica_ml,2,0,3,0.00143659331612793,0.02390643832333674,0.00143659331612793,0.02390643832333674,1.0,0,0.0028364547591536613
5,4,1000,1.0,shica_j,2,0,4,0.006926470800070359,0.050643785874431746,0.006926470800070357,0.050643785874431746,1.0,0,0.013513817112738042
5,4,1000,1.0,shica_ml,2,0,4,0.0008007571285604638,0.0193420866512068,0.0008007571285604638,0.019342086651206805,1.0,0,0.0016781368000923836
5,4,1000,1.0,shica_j,2,0,5,0.04893884826119897,0.11843463889815639,0.8091678534256734,0.47280088345918864,0.20000000000000004,1,0.05965915962881785
5,4,1000,1.0,shica_ml,2,0,5,0.0015284950615091727,0.026525984617454607,0.0015284950615091727,0.0265259846174546,1.0,0,0.002289224164478182
5,4,1000,1.0,shica_j,2,0,6,0.03610695572785432,0.11534656984902977,0.03610695572785432,0.11534656984902977,1.0,0,0.058997795970081014
5,4,1000,1.0,shica_ml,2,0,6,0.0017647961504508372,0.027908885771203047,0.0017647961504508377,0.027908885771203047,1.0,0,0.0030752793928766897
5,4,1000,1.0,shica_j,2,0,7,0.04850493087704306,0.10062628356835332,0.048504930877043044,0.1006262835683533,1.0,0,0.027643178217665876
5,4,1000,1.0,shica_ml,2,0,7,0.0011546575585018436,0.02061220911483171,0.0011546575585018439,0.02061220911483171,1.0,0,0.0019534756919550476
5,4,1000,1.0,shica_j,2,0,8,0.17325077572013975,0.15598536979487038,1.0060829000310978,0.6102673248245372,-0.4,1,0.1879859210566532
5,4,1000,1.0,shica_ml,2,0,8,0.0014261808355222568,0.0245892785097346,0.0014261808355222568,0.0245892785097346,1.0,0,0.0019413428172856072
5,4,1000,1.0,shica_j,2,0,9,0.017769320270910445,0.06921960221098947,0.017769320270910445,0.06921960221098947,1.0,0,0.02844259948177963
5,4,1000,1.0,shica_ml,2,0,9,0.0009461124447032822,0.01992703257973615,0.0009461124447032822,0.019927032579736152,1.0,0,0.0016172443786721558
5,4,1000,1.0,shica_j,2,1,0,0.001676686619826974,0.025426159129484382,0.001676686619826974,0.02542615912948438,1.0,0,0.004181501574648566
5,4,1000,1.0,shica_ml,2,1,0,0.0011824951222918485,0.02329797601314739,0.0011824951222918487,0.02329797601314739,1.0,0,0.0026253395122487313
5,4,1000,1.0,shica_j,2,1,1,0.03751407116813573,0.10921295576363603,0.03751407116813573,0.10921295576363602,1.0,0,0.025967754604008426
5,4,1000,1.0,shica_ml,2,1,1,0.002247141900227386,0.03415243882800571,0.002247141900227386,0.03415243882800571,1.0,0,0.004857304055543105
5,4,1000,1.0,shica_j,2,1,2,0.061993647758706506,0.14231389967413874,0.5750526088298615,0.29748409998473485,0.7999999999999999,1,0.10591809642613174
5,4,1000,1.0,shica_ml,2,1,2,0.0006713041935566418,0.015278188843903553,0.0006713041935566418,0.015278188843903556,1.0,0,0.0012759887671269176
5,4,1000,1.0,shica_j,2,1,3,0.005558809600404864,0.043557774191334386,0.005558809600404864,0.043557774191334386,1.0,0,0.017953915856662922
5,4,1000,1.0,shica_ml,2,1,3,0.0009037534862779143,0.01665812665421517,0.0009037534862779143,0.01665812665421517,1.0,0,0.0009874538273424937
5,4,1000,1.0,shica_j,2,1,4,0.009866847535061288,0.05106524888787314,0.009866847535061288,0.05106524888787314,1.0,0,0.0279094025274293
5,4,1000,1.0,shica_ml,2,1,4,0.0016900382464717777,0.02662594088213326,0.0016900382464717777,0.02662594088213326,1.0,0,0.00201691267238554
5,4,1000,1.0,shica_j,2,1,5,0.049132355381709084,0.12473670651966484,0.7937192863184448,0.4672641443051363,0.20000000000000004,1,0.0603478759179034
5,4,1000,1.0,shica_ml,2,1,5,0.0013485061464914118,0.023150624369647727,0.0013485061464914118,0.023150624369647727,1.0,0,0.002093427927295749
5,4,1000,1.0,shica_j,2,1,6,0.032020015484339595,0.11269470358837397,0.032020015484339595,0.112694703588374,1.0,0,0.05488488859427794
5,4,1000,1.0,shica_ml,2,1,6,0.0014745317893281938,0.024916999072118095,0.0014745317893281936,0.024916999072118095,1.0,0,0.002375262787794874
5,4,1000,1.0,shica_j,2,1,7,0.33018261164768253,0.2564820198023871,0.7310505311344562,0.40232019419171083,0.7999999999999999,1,0.27477226550895956
5,4,1000,1.0,shica_ml,2,1,7,0.0003003048833895652,0.00914208392313183,0.00030030488338956526,0.00914208392313183,1.0,0,0.0007484273447480372
5,4,1000,1.0,shica_j,2,1,8,0.04891734755249313,0.10965266122150892,0.602380561138436,0.3292064869555566,-0.8,1,0.07066966141459166
5,4,1000,1.0,shica_ml,2,1,8,0.0021180307427011826,0.024899575831891722,0.0021180307427011826,0.024899575831891722,1.0,0,0.002778296284966625
5,4,1000,1.0,shica_j,2,1,9,0.03425813824295705,0.10334360358124614,0.03425813824295705,0.10334360358124617,1.0,0,0.03528848059584023
5,4,1000,1.0,shica_ml,2,1,9,0.0004296371143921238,0.013698222794121704,0.0004296371143921238,0.0136982227941217,1.0,0,0.0008931343547083804
5,4,1000,1.0,shica_j,2,2,0,0.0036046755944244098,0.04254053046728924,0.0036046755944244098,0.04254053046728924,1.0,0,0.00842911029784386
5,4,1000,1.0,shica_ml,2,2,0,0.0006771641557009494,0.017956151901645106,0.0006771641557009494,0.017956151901645106,1.0,0,0.0014407143030298608
5,4,1000,1.0,shica_j,2,2,1,0.04228860994202353,0.11553748562426853,0.042288609942023526,0.11553748562426853,1.0,0,0.028382200120407996
5,4,1000,1.0,shica_ml,2,2,1,0.0020479866302462284,0.03257054106651831,0.0020479866302462284,0.03257054106651831,1.0,0,0.004405191971375783
5,4,1000,1.0,shica_j,2,2,2,0.06004208404016864,0.1401221833195036,0.5723312976515071,0.2965720629887591,0.7999999999999999,1,0.10265317240266078
5,4,1000,1.0,shica_ml,2,2,2,0.000651050011817589,0.014877453308574973,0.0006510500118175889,0.014877453308574973,1.0,0,0.0012418603675864003
5,4,1000,1.0,shica_j,2,2,3,0.009917672815485667,0.047530937053840795,0.009917672815485666,0.04753093705384078,1.0,0,0.023860212410839965
5,4,1000,1.0,shica_ml,2,2,3,0.0009391231334176249,0.018923594405051394,0.0009391231334176249,0.018923594405051397,1.0,0,0.0011670001214558134
5,4,1000,1.0,shica_j,2,2,4,0.009854123867960654,0.04998865620248079,0.009854123867960654,0.04998865620248079,1.0,0,0.032611763513436025
5,4,1000,1.0,shica_ml,2,2,4,0.001006948612570044,0.021415571281739147,0.001006948612570044,0.021415571281739147,1.0,0,0.0012006927496455045
5,4,1000,1.0,shica_j,2,2,5,0.048303535725144967,0.12053429237280737,0.7998057702092378,0.4695004660594676,0.20000000000000004,1,0.059249002219386136
5,4,1000,1.0,shica_ml,2,2,5,0.0013366350526997808,0.023146798408527826,0.0013366350526997808,0.023146798408527826,1.0,0,0.002151703751870143
5,4,1000,1.0,shica_j,2,2,6,0.03459719967004911,0.11981858905628436,0.03459719967004911,0.11981858905628436,1.0,0,0.06339457267253831
5,4,1000,1.0,shica_ml,2,2,6,0.0013870362090387595,0.023765907148045624,0.0013870362090387593,0.02376590714804562,1.0,0,0.002221404699043017
5,4,1000,1.0,shica_j,2,2,7,0.3324254107859749,0.25738213182376773,0.7339280123424194,0.4028760303787361,0.7999999999999999,1,0.2741318805234033
5,4,1000,1.0,shica_ml,2,2,7,0.00032320762605907264,0.009730006622990124,0.0003232076260590726,0.009730006622990124,1.0,0,0.0007868126376327833
5,4,1000,1.0,shica_j,2,2,8,0.04822631061669219,0.10873860349288442,0.6033858407417154,0.32851726876440235,-0.8,1,0.06992298285266914
5,4,1000,1.0,shica_ml,2,2,8,0.0020628415682408053,0.024892386185845713,0.0020628415682408053,0.024892386185845716,1.0,0,0.0027160258728070098
5,4,1000,1.0,shica_j,2,2,9,0.026919176225912937,0.09349641292316939,0.026919176225912934,0.09349641292316939,1.0,0,0.030493550699971134
5,4,1000,1.0,shica_ml,2,2,9,0.00043108936855265016,0.013745348681690878,0.00043108936855265026,0.013745348681690875,1.0,0,0.0008976025291332956
5,4,1000,1.0,shica_j,2,3,0,0.003254752999944828,0.04056438467113456,0.003254752999944828,0.04056438467113456,1.0,0,0.00777613197227493
5,4,1000,1.0,shica_ml,2,3,0,0.0006801359985999084,0.017986804225985788,0.0006801359985999084,0.017986804225985788,1.0,0,0.0014468092550792178
5,4,1000,1.0,shica_j,2,3,1,0.057615482302802466,0.13195521066321977,0.057615482302802466,0.13195521066321975,1.0,0,0.03610479517234029
5,4,1000,1.0,shica_ml,2,3,1,0.0013720929825676372,0.025988657666488963,0.0013720929825676372,0.025988657666488967,1.0,0,0.0027510067612003973
5,4,1000,1.0,shica_j,2,3,2,0.057487005691941914,0.13722898499970806,0.5688130320000102,0.29531791430655996,0.7999999999999999,1,0.09842508695398508
5,4,1000,1.0,shica_ml,2,3,2,0.0006139275228143237,0.014653783429391757,0.0006139275228143238,0.014653783429391753,1.0,0,0.001191532287242919
5,4,1000,1.0,shica_j,2,3,3,0.008809789371826937,0.04543119873206543,0.008809789371826937,0.04543119873206543,1.0,0,0.021461412925936223
5,4,1000,1.0,shica_ml,2,3,3,0.0009090342271080708,0.018616001076653725,0.0009090342271080709,0.018616001076653725,1.0,0,0.0011535323185014822
5,4,1000,1.0,shica_j,2,3,4,0.010056918281155713,0.05343297166448764,0.010056918281155713,0.05343297166448764,1.0,0,0.031905573029492235
5,4,1000,1.0,shica_ml,2,3,4,0.0017581376428151205,0.026458025899536736,0.0017581376428151205,0.026458025899536736,1.0,0,0.0015681647592172665
5,4,1000,1.0,shica_j,2,3,5,0.04827557789739271,0.1267932163440985,0.8250371927765364,0.4857122737326495,0.20000000000000004,1,0.06208333969091841
5,4,1000,1.0,shica_ml,2,3,5,0.03297614902522553,0.08850759488774561,0.03297614902522553,0.08850759488774562,1.0,0,0.056591289063353444
5,4,1000,1.0,shica_j,2,3,6,0.03631443243088459,0.12493336891106485,0.03631443243088459,0.12493336891106488,1.0,0,0.07200971437858442
5,4,1000,1.0,shica_ml,2,3,6,0.006484815258308509,0.04490617408425663,0.006484815258308509,0.04490617408425663,1.0,0,0.02211061168673937
5,4,1000,1.0,shica_j,2,3,7,0.32277426822885047,0.25261059802612607,0.7224939390403649,0.40038289676845257,0.7999999999999999,1,0.27485176929801275
5,4,1000,1.0,shica_ml,2,3,7,0.0005245005778866513,0.011428071994841667,0.0005245005778866513,0.011428071994841667,1.0,0,0.0014224414631036797
5,4,1000,1.0,shica_j,2,3,8,0.04811291477797116,0.1087286834982005,0.6033976823218417,0.3283509799956111,-0.8,1,0.06990165903714213
5,4,1000,1.0,shica_ml,2,3,8,0.0020090072644658166,0.02425069492802105,0.0020090072644658166,0.02425069492802105,1.0,0,0.002513049683748797
5,4,1000,1.0,shica_j,2,3,9,0.029539991973808955,0.0980481068782928,0.029539991973808955,0.0980481068782928,1.0,0,0.03255130682217766
5,4,1000,1.0,shica_ml,2,3,9,0.00038529245782075534,0.01278544069553981,0.0003852924578207554,0.012785440695539807,1.0,0,0.0006636756059106407
5,4,1000,1.0,shica_j,2,4,0,0.004081831991378101,0.04415209345822444,0.004081831991378101,0.04415209345822445,1.0,0,0.009873529850011503
5,4,1000,1.0,shica_ml,2,4,0,0.003913744794697811,0.04155040818869844,0.00391374479469781,0.04155040818869844,1.0,0,0.007689034711665993
5,4,1000,1.0,shica_j,2,4,1,0.04966315160770892,0.12349145994307822,0.04966315160770892,0.1234914599430782,1.0,0,0.0330255320449069
5,4,1000,1.0,shica_ml,2,4,1,0.0013115349180535848,0.024068361145986497,0.001311534918053585,0.024068361145986497,1.0,0,0.0023793682298175077
5,4,1000,1.0,shica_j,2,4,2,0.06076758303410187,0.14098809315411504,0.5727606095116948,0.29690991958991086,0.7999999999999999,1,0.10338749171947481
5,4,1000,1.0,shica_ml,2,4,2,0.0006794769572474579,0.015426064233033393,0.000679476957247458,0.015426064233033396,1.0,0,0.001254044782315522
5,4,1000,1.0,shica_j,2,4,3,0.006132626056709855,0.03682763399346974,0.006132626056709853,0.03682763399346974,1.0,0,0.01908456257001783
5,4,1000,1.0,shica_ml,2,4,3,0.0005276729661812587,0.014083873875370839,0.0005276729661812586,0.014083873875370839,1.0,0,0.0009045665783327494
5,4,1000,1.0,shica_j,2,4,4,0.009989901346029437,0.05983049216847962,0.009989901346029437,0.05983049216847962,1.0,0,0.03306542982905393
5,4,1000,1.0,shica_ml,2,4,4,0.0020379109080139223,0.02777442678228978,0.0020379109080139223,0.02777442678228978,1.0,0,0.0017316725370400909
5,4,1000,1.0,shica_j,2,4,5,0.04854915547620547,0.12755399251453903,0.826107425989905,0.4864160533471438,0.20000000000000004,1,0.06249567679790197
5,4,1000,1.0,shica_ml,2,4,5,0.03356259151684858,0.08914889502007019,0.03356259151684858,0.08914889502007017,1.0,0,0.057510167484206474
5,4,1000,1.0,shica_j,2,4,6,0.03740175975578201,0.12806772550747497,0.037401759755782006,0.12806772550747497,1.0,0,0.08889462433324447
5,4,1000,1.0,shica_ml,2,4,6,0.012288740757932015,0.056344811203850355,0.012288740757932013,0.056344811203850355,1.0,0,0.047562200751170056
5,4,1000,1.0,shica_j,2,4,7,0.3350705505901791,0.259372033190171,0.7315311871005941,0.4029103458615314,0.7999999999999999,1,0.270726625265313
5,4,1000,1.0,shica_ml,2,4,7,0.0003763208966342981,0.010865621483611712,0.00037632089663429803,0.010865621483611712,1.0,0,0.0008725355954250114
5,4,1000,1.0,shica_j,2,4,8,0.04760484326860951,0.11025161314221432,0.600384657205994,0.32884745069318816,-0.8,1,0.06934474902751767
5,4,1000,1.0,shica_ml,2,4,8,0.0117775137455076,0.059675650897990075,0.0117775137455076,0.059675650897990075,1.0,0,0.023182989445300055
5,4,1000,1.0,shica_j,2,4,9,0.030933227009142434,0.09801141781406902,0.030933227009142437,0.09801141781406904,1.0,0,0.03301072552023867
5,4,1000,1.0,shica_ml,2,4,9,0.00040450936011935887,0.013044024093606813,0.0004045093601193589,0.01304402409360681,1.0,0,0.0006925166286451123
5,4,1000,1.0,shica_j,2,5,0,0.9469008392338851,0.35290369839409774,1.7954577990511198,0.6270943000626534,-0.4,1,0.4219354603454102
5,4,1000,1.0,shica_ml,2,5,0,0.1197830108089049,0.16473217489071995,0.1197830108089049,0.16473217489071995,1.0,0,0.17650899709575038
5,4,1000,1.0,shica_j,2,5,1,0.15228705857540809,0.21315388031670096,0.6163346926075638,0.3995900626319323,0.7999999999999999,1,0.17243566589272757
5,4,1000,1.0,shica_ml,2,5,1,0.27618793714027545,0.1497888876375377,1.1630575413881594,0.6129011206036274,0.4,1,0.19213006077908543
5,4,1000,1.0,shica_j,2,5,2,0.09272642995447988,0.1996276865376024,0.6035742866005622,0.3558407413319258,0.7999999999999999,1,0.25473898919218674
5,4,1000,1.0,shica_ml,2,5,2,0.03303369791959963,0.07651716392297125,0.033033697919599626,0.07651716392297125,1.0,0,0.15054735915214262
5,4,1000,1.0,shica_j,2,5,3,0.01871203982945461,0.08482324370451347,0.01871203982945461,0.08482324370451347,1.0,0,0.03782692619376529
5,4,1000,1.0,shica_ml,2,5,3,0.010585676722664845,0.05934992971321795,0.010585676722664847,0.05934992971321795,1.0,0,0.01605142645052048
5,4,1000,1.0,shica_j,2,5,4,0.11586874823160911,0.18462335292040905,0.11586874823160911,0.18462335292040905,1.0,0,0.0703992921131962
5,4,1000,1.0,shica_ml,2,5,4,0.11856662825951403,0.17413744015377963,0.11856662825951403,0.17413744015377963,1.0,0,0.04388575106207768
5,4,1000,1.0,shica_j,2,5,5,7.959311743050469,0.6232154007229321,9.557431132349489,1.0500714407009972,-0.8,1,0.4477011477713764
5,4,1000,1.0,shica_ml,2,5,5,408.54437931326834,2.9755474850482964,413.23596935660936,3.3753363125338653,-0.8,1,0.2818171833090815
5,4,1000,1.0,shica_j,2,5,6,0.07005196820841957,0.16254858567550273,0.5865070226924851,0.4803296431397164,-0.4,1,0.17269370649873825
5,4,1000,1.0,shica_ml,2,5,6,0.04561596847926143,0.09014927177093682,0.04561596847926142,0.09014927177093682,1.0,0,0.12807492220830446
5,4,1000,1.0,shica_j,2,5,7,1.2358956923667612,0.5355212395669847,1.7428971240618423,0.8060217689169786,-0.7999999999999999,1,0.5319635861944974
5,4,1000,1.0,shica_ml,2,5,7,0.24681250682981473,0.2222397303305635,0.8826843504477637,0.5621607682785335,-0.4,1,0.3836274296408365
5,4,1000,1.0,shica_j,2,5,8,0.04845760923076695,0.11247498970109074,0.6013035373723025,0.3300976119360951,-0.8,1,0.07086474652440601
5,4,1000,1.0,shica_ml,2,5,8,0.03300463864686246,0.09383583232932172,0.03300463864686246,0.09383583232932173,1.0,0,0.07120782003076565
5,4,1000,1.0,shica_j,2,5,9,0.05438856757066244,0.14568762776512642,0.5869587080890085,0.415452608711165,0.20000000000000004,1,0.1309068444657823
5,4,1000,1.0,shica_ml,2,5,9,0.0009863818977881172,0.019341166870586606,0.0009863818977881172,0.019341166870586606,1.0,0,0.0027933351636301508
