m,p,n,noise_level,ica_algo,nb_gaussian_disturbances,nb_equal_variances,random_state,error_B,error_B_abs,error_T,error_T_abs,error_P_spearmanr,error_P_exact,amari_distance
5,4,1000,1.0,shica_j,2,0,0,0.018560843195444106,0.06765610173792565,0.018560843195444106,0.06765610173792565,1.0,0,0.030311147433720605
5,4,1000,1.0,shica_ml,2,0,0,0.0004525999936904352,0.014002328315565197,0.0004525999936904353,0.014002328315565197,1.0,0,0.000945759585027972
5,4,1000,1.0,shica_j,2,0,1,0.01704446955489335,0.06635450093799228,0.017044469554893353,0.06635450093799226,1.0,0,0.039216314812401815
5,4,1000,1.0,shica_ml,2,0,1,0.001261910535716467,0.02114096387952003,0.001261910535716467,0.02114096387952003,1.0,0,0.0017115608260457437
5,4,1000,1.0,shica_j,2,0,2,0.012945024833467256,0.06313980534230237,0.012945024833467256,0.06313980534230237,1.0,0,0.02183136075924989
5,4,1000,1.0,shica_ml,2,0,2,0.0004867717902060496,0.015548835390448679,0.0004867717902060496,0.015548835390448679,1.0,0,0.0008603734732962109
5,4,1000,1.0,shica_j,2,0,3,0.28141020706300135,0.29789909653924174,0.835997827501275,0.42078164532818996,0.7999999999999999,1,0.44416017002974073
5,4,1000,1.0,shica_ml,2,0,3,0.00143659331612793,0.02390643832333674,0.00143659331612793,0.02390643832333674,1.0,0,0.0028364547591536613
5,4,1000,1.0,shica_j,2,0,4,0.006926470800070359,0.050643785874431746,0.006926470800070357,0.050643785874431746,1.0,0,0.013513817112738042
5,4,1000,1.0,shica_ml,2,0,4,0.0008007571285604638,0.0193420866512068,0.0008007571285604638,0.019342086651206805,1.0,0,0.0016781368000923836
5,4,1000,1.0,shica_j,2,0,5,0.04893884826119897,0.11843463889815639,0.8091678534256734,0.47280088345918864,0.20000000000000004,1,0.05965915962881785
5,4,1000,1.0,shica_ml,2,0,5,0.0015284950615091727,0.026525984617454607,0.0015284950615091727,0.0265259846174546,1.0,0,0.002289224164478182
5,4,1000,1.0,shica_j,2,0,6,0.03610695572785432,0.11534656984902977,0.03610695572785432,0.11534656984902977,1.0,0,0.058997795970081014
5,4,1000,1.0,shica_ml,2,0,6,0.0017647961504508372,0.027908885771203047,0.0017647961504508377,0.027908885771203047,1.0,0,0.0030752793928766897
5,4,1000,1.0,shica_j,2,0,7,0.04850493087704306,0.10062628356835332,0.048504930877043044,0.1006262835683533,1.0,0,0.027643178217665876
5,4,1000,1.0,shica_ml,2,0,7,0.0011546575585018436,0.02061220911483171,0.0011546575585018439,0.02061220911483171,1.0,0,0.0019534756919550476
5,4,1000,1.0,shica_j,2,0,8,0.17325077572013975,0.15598536979487038,1.0060829000310978,0.6102673248245372,-0.4,1,0.1879859210566532
5,4,1000,1.0,shica_ml,2,0,8,0.0014261808355222568,0.0245892785097346,0.0014261808355222568,0.0245892785097346,1.0,0,0.0019413428172856072
5,4,1000,1.0,shica_j,2,0,9,0.017769320270910445,0.06921960221098947,0.017769320270910445,0.06921960221098947,1.0,0,0.02844259948177963
5,4,1000,1.0,shica_ml,2,0,9,0.0009461124447032822,0.01992703257973615,0.0009461124447032822,0.019927032579736152,1.0,0,0.0016172443786721558
5,4,1000,1.0,shica_j,2,0,10,0.06682255062136944,0.1277526490106781,0.4927073016130904,0.3610621600440158,0.8,1,0.18156353274106637
5,4,1000,1.0,shica_ml,2,0,10,0.00016016304422834335,0.008283496061469602,0.00016016304422834335,0.008283496061469602,1.0,0,0.0007489245940983768
5,4,1000,1.0,shica_j,2,0,11,0.18636973433589504,0.18832417358780665,0.975338303890409,0.6319578835291385,-0.4,1,0.13168117082979253
5,4,1000,1.0,shica_ml,2,0,11,0.0014944714054316425,0.026772210559437376,0.0014944714054316425,0.026772210559437383,1.0,0,0.0022882293484788262
5,4,1000,1.0,shica_j,2,0,12,0.5882302961886787,0.3519064722915254,1.3925749404175833,0.6855089077407965,-0.4,1,0.4553845728460474
5,4,1000,1.0,shica_ml,2,0,12,0.0004941986033422683,0.014375816789264886,0.0004941986033422685,0.014375816789264886,1.0,0,0.0012002654070385587
5,4,1000,1.0,shica_j,2,0,13,0.058970886934195554,0.09984093549668689,0.058970886934195554,0.09984093549668689,1.0,0,0.24282175115795313
5,4,1000,1.0,shica_ml,2,0,13,0.0008763655912220626,0.018035504680495675,0.0008763655912220626,0.018035504680495675,1.0,0,0.0015857934407188135
5,4,1000,1.0,shica_j,2,0,14,0.042730043786214075,0.11972828793764827,0.042730043786214075,0.11972828793764827,1.0,0,0.04057912904060436
5,4,1000,1.0,shica_ml,2,0,14,0.00048192211447289636,0.012834590818337117,0.00048192211447289636,0.012834590818337117,1.0,0,0.0010583190801868203
5,4,1000,1.0,shica_j,2,0,15,0.03867456834540135,0.11583141386711053,0.03867456834540136,0.11583141386711053,1.0,0,0.09431811967055895
5,4,1000,1.0,shica_ml,2,0,15,0.003660096021723548,0.04289883914020494,0.0036600960217235473,0.04289883914020494,1.0,0,0.0060144461709029816
5,4,1000,1.0,shica_j,2,0,16,0.0222199083792888,0.08266646796078411,0.022219908379288802,0.08266646796078413,1.0,0,0.060596382256861626
5,4,1000,1.0,shica_ml,2,0,16,0.0007620626535789869,0.01600214361558023,0.0007620626535789869,0.01600214361558023,1.0,0,0.0012856621281374769
5,4,1000,1.0,shica_j,2,0,17,0.4902432130710247,0.2236890357774151,1.8185693873729059,0.7646959898333121,0.0,1,0.1407378769504677
5,4,1000,1.0,shica_ml,2,0,17,0.002778891838048557,0.02963507824706952,0.0027788918380485567,0.02963507824706952,1.0,0,0.00582846721107882
5,4,1000,1.0,shica_j,2,0,18,0.018198939766707754,0.07013756386986814,0.018198939766707754,0.07013756386986812,1.0,0,0.04785096061627151
5,4,1000,1.0,shica_ml,2,0,18,0.0006334591396324472,0.015389466320042271,0.0006334591396324472,0.015389466320042275,1.0,0,0.0009836780999940065
5,4,1000,1.0,shica_j,2,0,19,0.011491931423754969,0.0674707378616745,0.011491931423754969,0.0674707378616745,1.0,0,0.01181564525408314
5,4,1000,1.0,shica_ml,2,0,19,0.0009206452553728766,0.019885524387709866,0.0009206452553728766,0.019885524387709862,1.0,0,0.0017122690710239864
5,4,1000,1.0,shica_j,2,0,20,0.06202378413846632,0.12962132452902092,0.5531764809357725,0.38702769650610486,-0.8,1,0.1283809336444473
5,4,1000,1.0,shica_ml,2,0,20,0.0007937162504718249,0.018446910506526845,0.0007937162504718249,0.018446910506526845,1.0,0,0.0014206707530070694
5,4,1000,1.0,shica_j,2,0,21,1.8597895190169775,0.363943791124289,3.6655695774252237,0.7640704921996737,-1.0,1,0.21553163852435162
5,4,1000,1.0,shica_ml,2,0,21,0.0020316222157927416,0.024696546815951386,0.0020316222157927416,0.024696546815951386,1.0,0,0.002029413330128421
5,4,1000,1.0,shica_j,2,0,22,0.04607265453035718,0.11790478698919174,0.046072654530357186,0.11790478698919174,1.0,0,0.070749136143804
5,4,1000,1.0,shica_ml,2,0,22,0.0006824685017382664,0.016517216354347348,0.0006824685017382664,0.016517216354347348,1.0,0,0.001151908975362187
5,4,1000,1.0,shica_j,2,0,23,5.607124889391039,0.6163661371399031,6.870884111356569,1.0159086241685977,0.6,1,0.46413676904006723
5,4,1000,1.0,shica_ml,2,0,23,0.001852394080815846,0.022349268413580217,0.0018523940808158462,0.02234926841358022,1.0,0,0.002164305066359162
5,4,1000,1.0,shica_j,2,0,24,0.12178265835599125,0.19397050608684285,0.3453540389308793,0.36452950199112727,-0.8,1,0.15617657927471607
5,4,1000,1.0,shica_ml,2,0,24,0.000828425813376682,0.018678289063894907,0.000828425813376682,0.01867828906389491,1.0,0,0.0020159461067259686
5,4,1000,1.0,shica_j,2,0,25,0.03798995463455823,0.11267494928119033,0.03798995463455823,0.11267494928119033,1.0,0,0.05471864171666596
5,4,1000,1.0,shica_ml,2,0,25,0.0014937906854808668,0.024746285698906346,0.0014937906854808666,0.024746285698906346,1.0,0,0.002211614480269275
5,4,1000,1.0,shica_j,2,0,26,0.0037317659600132674,0.03949073771943851,0.0037317659600132674,0.03949073771943851,1.0,0,0.0062512675859496105
5,4,1000,1.0,shica_ml,2,0,26,0.0008616577531744789,0.017789122354829507,0.0008616577531744791,0.017789122354829507,1.0,0,0.0016296670187594176
5,4,1000,1.0,shica_j,2,0,27,0.05235768897250209,0.0878676706928394,1.3703931355704762,0.5425887166211931,0.7999999999999999,1,0.12158188076976857
5,4,1000,1.0,shica_ml,2,0,27,0.00125112439477453,0.021767971867334816,0.00125112439477453,0.02176797186733482,1.0,0,0.0018440322655207508
5,4,1000,1.0,shica_j,2,0,28,28.01833045454622,1.0656227555409157,27.240339989173833,1.426686518426539,0.4,1,0.3845964504536534
5,4,1000,1.0,shica_ml,2,0,28,0.0012375833546799803,0.02204218033485277,0.0012375833546799803,0.02204218033485277,1.0,0,0.002443563201432297
5,4,1000,1.0,shica_j,2,0,29,0.5428111478613745,0.32191831585078,1.0418786724461895,0.6673555723401023,0.0,1,0.25995524542011755
5,4,1000,1.0,shica_ml,2,0,29,0.000632593030144093,0.015276333638567795,0.0006325930301440929,0.015276333638567795,1.0,0,0.001290827094867636
5,4,1000,1.0,shica_j,2,0,30,0.13546631244205112,0.1454189658046921,0.7470378590663366,0.4769446388799131,0.7999999999999999,1,0.4771463387993835
5,4,1000,1.0,shica_ml,2,0,30,0.0006161971107820259,0.016724060842361464,0.0006161971107820259,0.016724060842361464,1.0,0,0.0012425462875386706
5,4,1000,1.0,shica_j,2,0,31,0.0009524641149908149,0.020630562229121935,0.0009524641149908149,0.020630562229121935,1.0,0,0.0020328109038261653
5,4,1000,1.0,shica_ml,2,0,31,0.0005087089052852599,0.01432932294997705,0.0005087089052852599,0.01432932294997705,1.0,0,0.0016291882705196659
5,4,1000,1.0,shica_j,2,0,32,0.0041008434238519655,0.03748469391306463,0.0041008434238519655,0.03748469391306463,1.0,0,0.009972993615095816
5,4,1000,1.0,shica_ml,2,0,32,0.0015360334943100673,0.02573688737190597,0.0015360334943100673,0.025736887371905975,1.0,0,0.003678758750710981
5,4,1000,1.0,shica_j,2,0,33,0.5168381356297058,0.33341968607169964,0.9583737206380312,0.5888154661325665,-0.20000000000000004,1,0.44952248009167073
5,4,1000,1.0,shica_ml,2,0,33,0.001572560775702006,0.026376651617095292,0.001572560775702006,0.026376651617095286,1.0,0,0.003250518267471808
5,4,1000,1.0,shica_j,2,0,34,0.0037351952427715556,0.040112959551083446,0.0037351952427715556,0.040112959551083446,1.0,0,0.005789640818979302
5,4,1000,1.0,shica_ml,2,0,34,0.004347154942877861,0.041406200110320604,0.004347154942877861,0.041406200110320604,1.0,0,0.006759758531961169
5,4,1000,1.0,shica_j,2,0,35,0.00112016793437381,0.021301778778707262,0.00112016793437381,0.021301778778707262,1.0,0,0.0024261793537244
5,4,1000,1.0,shica_ml,2,0,35,0.0007267382874445475,0.01795349379780629,0.0007267382874445476,0.01795349379780629,1.0,0,0.0018092834571215633
5,4,1000,1.0,shica_j,2,0,36,0.4915422714319905,0.28505423794974877,1.054632589593408,0.5693344152374772,-0.4,1,0.313981288607499
5,4,1000,1.0,shica_ml,2,0,36,0.00037918712877951647,0.0124532616564712,0.00037918712877951647,0.0124532616564712,1.0,0,0.0005365256989229627
5,4,1000,1.0,shica_j,2,0,37,0.013331718467950879,0.0654081182348197,0.013331718467950879,0.0654081182348197,1.0,0,0.024008810915205948
5,4,1000,1.0,shica_ml,2,0,37,0.001522430353954237,0.027007008893546524,0.0015224303539542368,0.027007008893546524,1.0,0,0.0024178752477557854
5,4,1000,1.0,shica_j,2,0,38,0.002446064123440411,0.03248822623578646,0.0024460641234404115,0.03248822623578647,1.0,0,0.007705682832731625
5,4,1000,1.0,shica_ml,2,0,38,0.0013456676735232546,0.022487384363600725,0.0013456676735232546,0.022487384363600725,1.0,0,0.002302625405737946
5,4,1000,1.0,shica_j,2,0,39,0.674473540092926,0.39312507018158704,1.7168138373821438,0.6604696647368721,-0.4,1,0.41695486383055824
5,4,1000,1.0,shica_ml,2,0,39,0.0009481218161228675,0.019807679341862356,0.0009481218161228674,0.019807679341862356,1.0,0,0.0016961856030304034
5,4,1000,1.0,shica_j,2,0,40,0.0659806739851338,0.100477388117417,0.0659806739851338,0.10047738811741698,1.0,0,0.10873096714765051
5,4,1000,1.0,shica_ml,2,0,40,0.0004461506371210436,0.013312687264152153,0.0004461506371210437,0.013312687264152153,1.0,0,0.0008395387091134187
5,4,1000,1.0,shica_j,2,0,41,0.022042387996624373,0.07218570063887142,0.022042387996624373,0.07218570063887142,1.0,0,0.05635094608384863
5,4,1000,1.0,shica_ml,2,0,41,0.0011894915075901448,0.020822632321197826,0.0011894915075901448,0.020822632321197826,1.0,0,0.0030137095505914425
5,4,1000,1.0,shica_j,2,0,42,0.10153235524675223,0.1392472360608758,0.3386884284563223,0.3602701626341016,0.4,1,0.12122546658511468
5,4,1000,1.0,shica_ml,2,0,42,0.0003873268971550547,0.012673429603513326,0.0003873268971550547,0.012673429603513326,1.0,0,0.001343699242709545
5,4,1000,1.0,shica_j,2,0,43,0.007733357990075215,0.05603677985193308,0.007733357990075215,0.056036779851933095,1.0,0,0.028904044804670716
5,4,1000,1.0,shica_ml,2,0,43,0.0017863687582092135,0.030666538154085134,0.0017863687582092135,0.030666538154085134,1.0,0,0.005700164058863133
5,4,1000,1.0,shica_j,2,0,44,0.022231770232599223,0.09398515114031386,0.022231770232599223,0.09398515114031385,1.0,0,0.035227850840504324
5,4,1000,1.0,shica_ml,2,0,44,0.0006607758157333678,0.017805758292160436,0.000660775815733368,0.017805758292160436,1.0,0,0.0017233227317312472
5,4,1000,1.0,shica_j,2,0,45,0.03803794759600435,0.09748715554668771,0.03803794759600435,0.09748715554668771,1.0,0,0.07436135138239078
5,4,1000,1.0,shica_ml,2,0,45,0.0009280999275294738,0.02104250124561224,0.0009280999275294738,0.021042501245612237,1.0,0,0.001935821716656988
5,4,1000,1.0,shica_j,2,0,46,0.019148803076764538,0.06884609452880733,0.019148803076764538,0.06884609452880733,1.0,0,0.028505777516896286
5,4,1000,1.0,shica_ml,2,0,46,0.002141893522972494,0.0260529352689359,0.0021418935229724936,0.0260529352689359,1.0,0,0.0030701521124031237
5,4,1000,1.0,shica_j,2,0,47,0.0100844490200288,0.05676602245455721,0.010084449020028802,0.05676602245455721,1.0,0,0.025137866952223115
5,4,1000,1.0,shica_ml,2,0,47,0.0007227029686477191,0.017470184691351247,0.0007227029686477191,0.017470184691351247,1.0,0,0.0015828039837261997
5,4,1000,1.0,shica_j,2,0,48,0.37790375699232576,0.2929027286031394,1.3981405998361747,0.6907566084149469,-0.8,1,0.3004398623950551
5,4,1000,1.0,shica_ml,2,0,48,0.0019589323853438185,0.025752385423062123,0.0019589323853438185,0.02575238542306213,1.0,0,0.0026089103376444713
5,4,1000,1.0,shica_j,2,0,49,75.73297477352382,1.8171752043474179,73.59816658629961,2.1622292984320794,0.0,1,0.1767812590050984
5,4,1000,1.0,shica_ml,2,0,49,0.001823800947492161,0.02584254662284057,0.001823800947492161,0.02584254662284057,1.0,0,0.002045293389562314
5,4,1000,1.0,shica_j,2,1,0,0.001676686619826974,0.025426159129484382,0.001676686619826974,0.02542615912948438,1.0,0,0.004181501574648566
5,4,1000,1.0,shica_ml,2,1,0,0.0011824951222918485,0.02329797601314739,0.0011824951222918487,0.02329797601314739,1.0,0,0.0026253395122487313
5,4,1000,1.0,shica_j,2,1,1,0.03751407116813573,0.10921295576363603,0.03751407116813573,0.10921295576363602,1.0,0,0.025967754604008426
5,4,1000,1.0,shica_ml,2,1,1,0.002247141900227386,0.03415243882800571,0.002247141900227386,0.03415243882800571,1.0,0,0.004857304055543105
5,4,1000,1.0,shica_j,2,1,2,0.061993647758706506,0.14231389967413874,0.5750526088298615,0.29748409998473485,0.7999999999999999,1,0.10591809642613174
5,4,1000,1.0,shica_ml,2,1,2,0.0006713041935566418,0.015278188843903553,0.0006713041935566418,0.015278188843903556,1.0,0,0.0012759887671269176
5,4,1000,1.0,shica_j,2,1,3,0.005558809600404864,0.043557774191334386,0.005558809600404864,0.043557774191334386,1.0,0,0.017953915856662922
5,4,1000,1.0,shica_ml,2,1,3,0.0009037534862779143,0.01665812665421517,0.0009037534862779143,0.01665812665421517,1.0,0,0.0009874538273424937
5,4,1000,1.0,shica_j,2,1,4,0.009866847535061288,0.05106524888787314,0.009866847535061288,0.05106524888787314,1.0,0,0.0279094025274293
5,4,1000,1.0,shica_ml,2,1,4,0.0016900382464717777,0.02662594088213326,0.0016900382464717777,0.02662594088213326,1.0,0,0.00201691267238554
5,4,1000,1.0,shica_j,2,1,5,0.049132355381709084,0.12473670651966484,0.7937192863184448,0.4672641443051363,0.20000000000000004,1,0.0603478759179034
5,4,1000,1.0,shica_ml,2,1,5,0.0013485061464914118,0.023150624369647727,0.0013485061464914118,0.023150624369647727,1.0,0,0.002093427927295749
5,4,1000,1.0,shica_j,2,1,6,0.032020015484339595,0.11269470358837397,0.032020015484339595,0.112694703588374,1.0,0,0.05488488859427794
5,4,1000,1.0,shica_ml,2,1,6,0.0014745317893281938,0.024916999072118095,0.0014745317893281936,0.024916999072118095,1.0,0,0.002375262787794874
5,4,1000,1.0,shica_j,2,1,7,0.33018261164768253,0.2564820198023871,0.7310505311344562,0.40232019419171083,0.7999999999999999,1,0.27477226550895956
5,4,1000,1.0,shica_ml,2,1,7,0.0003003048833895652,0.00914208392313183,0.00030030488338956526,0.00914208392313183,1.0,0,0.0007484273447480372
5,4,1000,1.0,shica_j,2,1,8,0.04891734755249313,0.10965266122150892,0.602380561138436,0.3292064869555566,-0.8,1,0.07066966141459166
5,4,1000,1.0,shica_ml,2,1,8,0.0021180307427011826,0.024899575831891722,0.0021180307427011826,0.024899575831891722,1.0,0,0.002778296284966625
5,4,1000,1.0,shica_j,2,1,9,0.03425813824295705,0.10334360358124614,0.03425813824295705,0.10334360358124617,1.0,0,0.03528848059584023
5,4,1000,1.0,shica_ml,2,1,9,0.0004296371143921238,0.013698222794121704,0.0004296371143921238,0.0136982227941217,1.0,0,0.0008931343547083804
5,4,1000,1.0,shica_j,2,1,10,1.2809877826648062,0.534369147598693,1.35720941022362,0.6623777570280323,0.7999999999999999,1,0.22014205533807885
5,4,1000,1.0,shica_ml,2,1,10,0.00047600100320378884,0.011879127705591555,0.00047600100320378884,0.011879127705591555,1.0,0,0.0012256739028169484
5,4,1000,1.0,shica_j,2,1,11,0.15673909847296036,0.17762861877520514,0.9459027322704543,0.6226244347590819,-0.4,1,0.12584695094903775
5,4,1000,1.0,shica_ml,2,1,11,0.0013361436873060451,0.0264732600136393,0.0013361436873060447,0.0264732600136393,1.0,0,0.002993690300791768
5,4,1000,1.0,shica_j,2,1,12,0.08502981129062917,0.14736829866622428,0.08502981129062917,0.14736829866622425,1.0,0,0.07173051605964434
5,4,1000,1.0,shica_ml,2,1,12,0.0008206944548304604,0.019869600749510382,0.0008206944548304604,0.019869600749510385,1.0,0,0.0017026936604715992
5,4,1000,1.0,shica_j,2,1,13,0.2314392460968339,0.22139648203393988,0.7267739960883435,0.5068738873101545,0.20000000000000004,1,0.30309927424169275
5,4,1000,1.0,shica_ml,2,1,13,0.0005787496224879422,0.015214588319173763,0.0005787496224879422,0.015214588319173767,1.0,0,0.001256910889212054
5,4,1000,1.0,shica_j,2,1,14,0.1766315808971525,0.2490577635041702,0.5732066627798601,0.3476060568091731,0.7999999999999999,1,0.22268225361557578
5,4,1000,1.0,shica_ml,2,1,14,0.001461180192513009,0.026337309341527632,0.001461180192513009,0.026337309341527632,1.0,0,0.0022261703359640283
5,4,1000,1.0,shica_j,2,1,15,0.03850624574981112,0.1147853551040123,0.03850624574981111,0.1147853551040123,1.0,0,0.0498305358239011
5,4,1000,1.0,shica_ml,2,1,15,0.0011754008070209482,0.02342270789863682,0.0011754008070209484,0.02342270789863682,1.0,0,0.002488481366642237
5,4,1000,1.0,shica_j,2,1,16,0.010641450386974404,0.06322977029168994,0.010641450386974402,0.06322977029168995,1.0,0,0.026379026023817663
5,4,1000,1.0,shica_ml,2,1,16,0.0006571422477807471,0.0163333443118236,0.000657142247780747,0.0163333443118236,1.0,0,0.0015873953230209348
5,4,1000,1.0,shica_j,2,1,17,0.050594015544523474,0.11690477685847611,0.05059401554452346,0.11690477685847611,1.0,0,0.04200566744082077
5,4,1000,1.0,shica_ml,2,1,17,0.004635796263869104,0.037896241522264014,0.004635796263869106,0.037896241522264014,1.0,0,0.003919772637915325
5,4,1000,1.0,shica_j,2,1,18,0.6740716787908838,0.38295280765516726,1.0495073985809467,0.544978218485574,0.20000000000000004,1,0.3034699976200662
5,4,1000,1.0,shica_ml,2,1,18,0.0016588511682496011,0.026643849244563235,0.0016588511682496011,0.026643849244563235,1.0,0,0.0021425740423892227
5,4,1000,1.0,shica_j,2,1,19,0.0091637420409264,0.06475950969995943,0.0091637420409264,0.06475950969995943,1.0,0,0.013843028128164958
5,4,1000,1.0,shica_ml,2,1,19,0.0008355499942943205,0.018293798409063453,0.0008355499942943205,0.018293798409063453,1.0,0,0.001770031346750578
5,4,1000,1.0,shica_j,2,1,20,0.02889404408392602,0.08780868193732196,0.37706320314565633,0.29693042734529557,0.8,1,0.09014514030749883
5,4,1000,1.0,shica_ml,2,1,20,0.0005619538826307395,0.01689103244272379,0.0005619538826307395,0.016891032442723785,1.0,0,0.0019232609299322078
5,4,1000,1.0,shica_j,2,1,21,0.370928431020912,0.21784540469949348,1.015388748990178,0.6379867059403996,-0.20000000000000004,1,0.4649113304005882
5,4,1000,1.0,shica_ml,2,1,21,0.0014154270504389195,0.02483227366104217,0.0014154270504389195,0.024832273661042167,1.0,0,0.003146643484998318
5,4,1000,1.0,shica_j,2,1,22,1.0360621667235204,0.27971071205901654,1.1437457542010474,0.6074554036133273,0.6,1,0.09744156739527196
5,4,1000,1.0,shica_ml,2,1,22,0.0006182676490133728,0.016252059064923642,0.0006182676490133728,0.016252059064923642,1.0,0,0.0017046726018892567
5,4,1000,1.0,shica_j,2,1,23,0.4983104883293281,0.32419268290819386,1.199731037522718,0.6286421713638783,-0.20000000000000004,1,0.36537483756621747
5,4,1000,1.0,shica_ml,2,1,23,0.0016635618804362131,0.02516099841720325,0.0016635618804362133,0.02516099841720325,1.0,0,0.001907269426924979
5,4,1000,1.0,shica_j,2,1,24,0.13410533266280078,0.18014093042146967,0.8193411423023857,0.4979371228574803,0.20000000000000004,1,0.33987952902840324
5,4,1000,1.0,shica_ml,2,1,24,0.0005520347261592234,0.01523241672988962,0.0005520347261592234,0.01523241672988962,1.0,0,0.0012059365189611149
5,4,1000,1.0,shica_j,2,1,25,0.28639311196011935,0.29252102698800553,0.28639311196011935,0.29252102698800553,1.0,0,0.39396761905554056
5,4,1000,1.0,shica_ml,2,1,25,0.0012521435977214921,0.021137726504080027,0.0012521435977214917,0.021137726504080027,1.0,0,0.0028083929316213172
5,4,1000,1.0,shica_j,2,1,26,0.012010786927297132,0.06881580610962455,0.012010786927297132,0.06881580610962455,1.0,0,0.024341782932911393
5,4,1000,1.0,shica_ml,2,1,26,0.0002662993348361972,0.010630417263162906,0.0002662993348361972,0.010630417263162906,1.0,0,0.0010843338361336218
5,4,1000,1.0,shica_j,2,1,27,0.31267791846940585,0.2628723033330024,0.607049982947574,0.4889219081688568,-0.7999999999999999,1,0.24752822196513086
5,4,1000,1.0,shica_ml,2,1,27,0.00104523558103962,0.018453932564838182,0.0010452355810396203,0.018453932564838182,1.0,0,0.0022024949184415664
5,4,1000,1.0,shica_j,2,1,28,6.280797291453168,0.513284064111751,6.655456613336744,0.8422249500622498,-0.4,1,0.24015460577432984
5,4,1000,1.0,shica_ml,2,1,28,0.0011478214505176113,0.020412620666937536,0.0011478214505176115,0.020412620666937536,1.0,0,0.001950041546639658
5,4,1000,1.0,shica_j,2,1,29,0.7210854687284252,0.35482455701491455,1.3530139064217082,0.607015583604275,0.0,1,0.4235274911061618
5,4,1000,1.0,shica_ml,2,1,29,0.0009896374584307636,0.020851093351206357,0.0009896374584307636,0.020851093351206357,1.0,0,0.002247010979341063
5,4,1000,1.0,shica_j,2,1,30,0.020044779645021826,0.06885721204502142,0.02004477964502183,0.0688572120450214,1.0,0,0.052536952573723
5,4,1000,1.0,shica_ml,2,1,30,0.0016146609642156405,0.025465563890223288,0.0016146609642156405,0.025465563890223288,1.0,0,0.0021780389663816568
5,4,1000,1.0,shica_j,2,1,31,0.00958798333515046,0.051761021538181885,0.00958798333515046,0.051761021538181885,1.0,0,0.025764711497545327
5,4,1000,1.0,shica_ml,2,1,31,0.00019437819128688557,0.00898752053213742,0.00019437819128688557,0.00898752053213742,1.0,0,0.0004963351352527678
5,4,1000,1.0,shica_j,2,1,32,0.006543805950529819,0.04090829135663159,0.006543805950529819,0.04090829135663159,1.0,0,0.029875973753755496
5,4,1000,1.0,shica_ml,2,1,32,0.0015563230435468695,0.026412589340089315,0.0015563230435468698,0.02641258934008931,1.0,0,0.0025159920208523757
5,4,1000,1.0,shica_j,2,1,33,0.004558653667895617,0.04488890987135381,0.004558653667895616,0.04488890987135381,1.0,0,0.008725109491850425
5,4,1000,1.0,shica_ml,2,1,33,0.0009085530752332132,0.020860083212382377,0.0009085530752332132,0.020860083212382377,1.0,0,0.001864858589488444
5,4,1000,1.0,shica_j,2,1,34,0.023306498309581387,0.0827052103503249,0.023306498309581387,0.0827052103503249,1.0,0,0.06302689107685366
5,4,1000,1.0,shica_ml,2,1,34,0.000484504955310696,0.014322371897610242,0.0004845049553106961,0.014322371897610242,1.0,0,0.0008631811506329135
5,4,1000,1.0,shica_j,2,1,35,0.023509319932684875,0.0683570411825831,0.023509319932684875,0.0683570411825831,1.0,0,0.05404506264548512
5,4,1000,1.0,shica_ml,2,1,35,0.00037866388223256397,0.013167843400674414,0.000378663882232564,0.013167843400674414,1.0,0,0.0018199067460358044
5,4,1000,1.0,shica_j,2,1,36,0.3862982383363442,0.2058894373405366,0.9354910111341272,0.5434554083355607,0.6,1,0.3428002238584281
5,4,1000,1.0,shica_ml,2,1,36,0.000259271423737185,0.010373185638684224,0.000259271423737185,0.010373185638684224,1.0,0,0.0006262963717863889
5,4,1000,1.0,shica_j,2,1,37,0.03446930663624366,0.08924557569530375,0.03446930663624366,0.08924557569530378,1.0,0,0.12980021635346442
5,4,1000,1.0,shica_ml,2,1,37,0.0013841508575690626,0.0198814580412912,0.0013841508575690626,0.0198814580412912,1.0,0,0.0019221663847803828
5,4,1000,1.0,shica_j,2,1,38,0.009421611118319064,0.052225596378421724,0.009421611118319064,0.052225596378421724,1.0,0,0.012249513100486803
5,4,1000,1.0,shica_ml,2,1,38,0.0059751394244345005,0.04496825302112537,0.0059751394244345005,0.04496825302112537,1.0,0,0.007424708598132291
5,4,1000,1.0,shica_j,2,1,39,0.2308330446986288,0.2563825629967227,0.8411391485806439,0.5252268413941683,0.4,1,0.33780155127032274
5,4,1000,1.0,shica_ml,2,1,39,0.0013632695378771762,0.022932001257914898,0.0013632695378771762,0.022932001257914898,1.0,0,0.002381229723403899
5,4,1000,1.0,shica_j,2,1,40,12.586074328872368,0.9152511033118056,12.525664436741872,1.1938114599832912,0.4,1,0.22610028241183136
5,4,1000,1.0,shica_ml,2,1,40,0.0014029051918856056,0.023847759654833916,0.0014029051918856058,0.023847759654833916,1.0,0,0.002433034707173687
5,4,1000,1.0,shica_j,2,1,41,0.025524209179891254,0.07214999960705311,0.025524209179891254,0.07214999960705311,1.0,0,0.05984838727782034
5,4,1000,1.0,shica_ml,2,1,41,0.0008264181959925489,0.018638918700241567,0.000826418195992549,0.018638918700241563,1.0,0,0.0019669073146553694
5,4,1000,1.0,shica_j,2,1,42,0.1584213364743582,0.21180303660929503,0.7732505609624843,0.4885514199414298,0.8,1,0.258559302500165
5,4,1000,1.0,shica_ml,2,1,42,0.0007981542670484488,0.01899894346409854,0.0007981542670484488,0.01899894346409854,1.0,0,0.0013158908300727134
5,4,1000,1.0,shica_j,2,1,43,0.6036284455365818,0.34754267807125927,1.4697674901577045,0.6935473765284111,0.6,1,0.38075364958667735
5,4,1000,1.0,shica_ml,2,1,43,0.003436493493040547,0.0355414917585591,0.003436493493040547,0.03554149175855909,1.0,0,0.008638727391853724
5,4,1000,1.0,shica_j,2,1,44,50.803585883644004,1.2177194711377493,50.7727689363352,1.5592166366555904,0.4,1,0.2935241275535935
5,4,1000,1.0,shica_ml,2,1,44,0.004386837317140494,0.03930376046311153,0.004386837317140493,0.03930376046311153,1.0,0,0.004887021175403012
5,4,1000,1.0,shica_j,2,1,45,0.025785648071126238,0.09057512449660872,0.025785648071126238,0.09057512449660869,1.0,0,0.04730275187899399
5,4,1000,1.0,shica_ml,2,1,45,0.0009510491984809745,0.020020194871184487,0.0009510491984809745,0.020020194871184487,1.0,0,0.003171155554181848
5,4,1000,1.0,shica_j,2,1,46,0.1702817553121423,0.16580862076675312,0.6970962993262002,0.48061311955826147,0.4,1,0.4863292967959644
5,4,1000,1.0,shica_ml,2,1,46,0.0012911814879974497,0.02251809162226109,0.0012911814879974497,0.02251809162226109,1.0,0,0.004015031069134378
5,4,1000,1.0,shica_j,2,1,47,0.017223193235414786,0.06321322083993733,0.017223193235414786,0.06321322083993733,1.0,0,0.058097658046129964
5,4,1000,1.0,shica_ml,2,1,47,0.00119179812605548,0.022937765263739664,0.0011917981260554798,0.022937765263739668,1.0,0,0.0027016187334588937
5,4,1000,1.0,shica_j,2,1,48,0.005972153125987383,0.0462628088049911,0.005972153125987381,0.0462628088049911,1.0,0,0.01251896445007128
5,4,1000,1.0,shica_ml,2,1,48,0.0008122160435646925,0.018009015402885513,0.0008122160435646925,0.018009015402885513,1.0,0,0.0015381049121546587
5,4,1000,1.0,shica_j,2,1,49,0.23798667334015405,0.21573463293566641,0.2379866733401541,0.21573463293566641,1.0,0,0.08928794305519729
5,4,1000,1.0,shica_ml,2,1,49,0.001905655100201709,0.027060472834290028,0.001905655100201709,0.027060472834290028,1.0,0,0.002913879903556038
5,4,1000,1.0,shica_j,2,2,0,0.0036046755944244098,0.04254053046728924,0.0036046755944244098,0.04254053046728924,1.0,0,0.00842911029784386
5,4,1000,1.0,shica_ml,2,2,0,0.0006771641557009494,0.017956151901645106,0.0006771641557009494,0.017956151901645106,1.0,0,0.0014407143030298608
5,4,1000,1.0,shica_j,2,2,1,0.04228860994202353,0.11553748562426853,0.042288609942023526,0.11553748562426853,1.0,0,0.028382200120407996
5,4,1000,1.0,shica_ml,2,2,1,0.0020479866302462284,0.03257054106651831,0.0020479866302462284,0.03257054106651831,1.0,0,0.004405191971375783
5,4,1000,1.0,shica_j,2,2,2,0.06004208404016864,0.1401221833195036,0.5723312976515071,0.2965720629887591,0.7999999999999999,1,0.10265317240266078
5,4,1000,1.0,shica_ml,2,2,2,0.000651050011817589,0.014877453308574973,0.0006510500118175889,0.014877453308574973,1.0,0,0.0012418603675864003
5,4,1000,1.0,shica_j,2,2,3,0.009917672815485667,0.047530937053840795,0.009917672815485666,0.04753093705384078,1.0,0,0.023860212410839965
5,4,1000,1.0,shica_ml,2,2,3,0.0009391231334176249,0.018923594405051394,0.0009391231334176249,0.018923594405051397,1.0,0,0.0011670001214558134
5,4,1000,1.0,shica_j,2,2,4,0.009854123867960654,0.04998865620248079,0.009854123867960654,0.04998865620248079,1.0,0,0.032611763513436025
5,4,1000,1.0,shica_ml,2,2,4,0.001006948612570044,0.021415571281739147,0.001006948612570044,0.021415571281739147,1.0,0,0.0012006927496455045
5,4,1000,1.0,shica_j,2,2,5,0.048303535725144967,0.12053429237280737,0.7998057702092378,0.4695004660594676,0.20000000000000004,1,0.059249002219386136
5,4,1000,1.0,shica_ml,2,2,5,0.0013366350526997808,0.023146798408527826,0.0013366350526997808,0.023146798408527826,1.0,0,0.002151703751870143
5,4,1000,1.0,shica_j,2,2,6,0.03459719967004911,0.11981858905628436,0.03459719967004911,0.11981858905628436,1.0,0,0.06339457267253831
5,4,1000,1.0,shica_ml,2,2,6,0.0013870362090387595,0.023765907148045624,0.0013870362090387593,0.02376590714804562,1.0,0,0.002221404699043017
5,4,1000,1.0,shica_j,2,2,7,0.3324254107859749,0.25738213182376773,0.7339280123424194,0.4028760303787361,0.7999999999999999,1,0.2741318805234033
5,4,1000,1.0,shica_ml,2,2,7,0.00032320762605907264,0.009730006622990124,0.0003232076260590726,0.009730006622990124,1.0,0,0.0007868126376327833
5,4,1000,1.0,shica_j,2,2,8,0.04822631061669219,0.10873860349288442,0.6033858407417154,0.32851726876440235,-0.8,1,0.06992298285266914
5,4,1000,1.0,shica_ml,2,2,8,0.0020628415682408053,0.024892386185845713,0.0020628415682408053,0.024892386185845716,1.0,0,0.0027160258728070098
5,4,1000,1.0,shica_j,2,2,9,0.026919176225912937,0.09349641292316939,0.026919176225912934,0.09349641292316939,1.0,0,0.030493550699971134
5,4,1000,1.0,shica_ml,2,2,9,0.00043108936855265016,0.013745348681690878,0.00043108936855265026,0.013745348681690875,1.0,0,0.0008976025291332956
5,4,1000,1.0,shica_j,2,2,10,1.2812361774226668,0.5350948242153135,1.3630247827684001,0.6640556161176931,0.7999999999999999,1,0.21989613992073803
5,4,1000,1.0,shica_ml,2,2,10,0.0003783870578748235,0.010479727307083254,0.00037838705787482347,0.010479727307083254,1.0,0,0.0010848339664918272
5,4,1000,1.0,shica_j,2,2,11,0.17658194217799644,0.18296947312040934,0.9624440118189247,0.628469510125975,-0.4,1,0.12262025398451278
5,4,1000,1.0,shica_ml,2,2,11,0.001450862955758444,0.02760413594045638,0.001450862955758444,0.02760413594045638,1.0,0,0.0026790157831118435
5,4,1000,1.0,shica_j,2,2,12,0.0883218008703491,0.14924619795526,0.0883218008703491,0.14924619795526,1.0,0,0.07334013396210955
5,4,1000,1.0,shica_ml,2,2,12,0.000833396759373962,0.02024838806256818,0.000833396759373962,0.02024838806256818,1.0,0,0.0017750957726602734
5,4,1000,1.0,shica_j,2,2,13,0.22837499120900295,0.22364559754964644,0.7252683193794954,0.5072440615235435,0.20000000000000004,1,0.3086452615455221
5,4,1000,1.0,shica_ml,2,2,13,0.00186077210683206,0.030654277995709505,0.00186077210683206,0.030654277995709505,1.0,0,0.0030295255195283088
5,4,1000,1.0,shica_j,2,2,14,0.18239775408982678,0.25588331231736544,0.5815503544547858,0.35251297295495343,0.7999999999999999,1,0.2283856444164008
5,4,1000,1.0,shica_ml,2,2,14,0.001859306236579455,0.029533050447272356,0.001859306236579455,0.029533050447272356,1.0,0,0.0027480546053870957
5,4,1000,1.0,shica_j,2,2,15,0.04441026069255514,0.12707784663926142,0.04441026069255514,0.12707784663926142,1.0,0,0.060594561547676076
5,4,1000,1.0,shica_ml,2,2,15,0.0059614541322689785,0.047604634145533245,0.00596145413226898,0.047604634145533245,1.0,0,0.013936852697943387
5,4,1000,1.0,shica_j,2,2,16,0.009173467067956973,0.05803219052910069,0.009173467067956973,0.05803219052910069,1.0,0,0.022662401501492367
5,4,1000,1.0,shica_ml,2,2,16,0.0020075998050525777,0.02782456238240011,0.0020075998050525777,0.02782456238240011,1.0,0,0.003929469450730966
5,4,1000,1.0,shica_j,2,2,17,0.059648286363455316,0.12748043073724027,0.059648286363455316,0.1274804307372403,1.0,0,0.04906939042484685
5,4,1000,1.0,shica_ml,2,2,17,0.0046560097143084735,0.0376889713052033,0.0046560097143084735,0.03768897130520331,1.0,0,0.003603916365694676
5,4,1000,1.0,shica_j,2,2,18,0.6890873945283701,0.38007852361338,1.0629817524853402,0.5479515082155467,0.20000000000000004,1,0.29073442547902484
5,4,1000,1.0,shica_ml,2,2,18,0.0017710459907013445,0.027779926515439014,0.001771045990701345,0.027779926515439007,1.0,0,0.0022596448146568193
5,4,1000,1.0,shica_j,2,2,19,0.008979497423936268,0.06392728721209731,0.008979497423936268,0.06392728721209731,1.0,0,0.013704198597641238
5,4,1000,1.0,shica_ml,2,2,19,0.0008646478296075847,0.019142295577745227,0.0008646478296075845,0.019142295577745227,1.0,0,0.0018447450172926593
5,4,1000,1.0,shica_j,2,2,20,0.03020932329471181,0.09039360423393465,0.37941737013467625,0.2984743273647231,0.8,1,0.09276551864283358
5,4,1000,1.0,shica_ml,2,2,20,0.0006005811690831255,0.01703584947671146,0.0006005811690831254,0.01703584947671146,1.0,0,0.0017910316519834323
5,4,1000,1.0,shica_j,2,2,21,0.6326414527871279,0.2666709412962689,1.0751182083593283,0.5169546133013719,0.8,1,0.46921032322091893
5,4,1000,1.0,shica_ml,2,2,21,0.0017023537626229802,0.0274455935784113,0.0017023537626229806,0.0274455935784113,1.0,0,0.0035101230580029284
5,4,1000,1.0,shica_j,2,2,22,0.22235214686432575,0.1891720045624472,0.5750489832307091,0.436513591395293,0.7999999999999999,1,0.1532002744574293
5,4,1000,1.0,shica_ml,2,2,22,0.000589966841596496,0.016103162753273663,0.0005899668415964961,0.016103162753273666,1.0,0,0.0016741605242509394
5,4,1000,1.0,shica_j,2,2,23,0.40853085525567645,0.30142428430911394,1.1044032724658142,0.6103677621960191,-0.20000000000000004,1,0.4032203280258198
5,4,1000,1.0,shica_ml,2,2,23,0.0016747014691647672,0.025413982654484368,0.0016747014691647672,0.025413982654484368,1.0,0,0.0019479653019553011
5,4,1000,1.0,shica_j,2,2,24,0.13691356923112719,0.17873764543855303,0.8210444251838028,0.49627573648747825,0.20000000000000004,1,0.3450278203011764
5,4,1000,1.0,shica_ml,2,2,24,0.000568180157840648,0.014347446863061539,0.000568180157840648,0.014347446863061539,1.0,0,0.0009850201002501835
5,4,1000,1.0,shica_j,2,2,25,0.2859943497747694,0.29230390387087013,0.2859943497747694,0.29230390387087013,1.0,0,0.39334312962442064
5,4,1000,1.0,shica_ml,2,2,25,0.0012484489268288963,0.021111336583646473,0.0012484489268288963,0.021111336583646473,1.0,0,0.002796573207607339
5,4,1000,1.0,shica_j,2,2,26,0.00626316756855296,0.05286122499286744,0.00626316756855296,0.05286122499286744,1.0,0,0.012508351199107393
5,4,1000,1.0,shica_ml,2,2,26,0.00035653370684135554,0.011811998707530854,0.00035653370684135554,0.011811998707530854,1.0,0,0.000964867662504465
5,4,1000,1.0,shica_j,2,2,27,0.3017531017040206,0.2603816157339928,0.5965289365178501,0.48508415808714866,-0.7999999999999999,1,0.2541997409787277
5,4,1000,1.0,shica_ml,2,2,27,0.0010942925454945362,0.01883932362317698,0.0010942925454945362,0.01883932362317698,1.0,0,0.0022029122192222194
5,4,1000,1.0,shica_j,2,2,28,6.092567911700067,0.5074359852273302,6.455056088744928,0.8364533491444763,-0.4,1,0.2398060023197371
5,4,1000,1.0,shica_ml,2,2,28,0.0010961366424365082,0.020315778474747692,0.0010961366424365082,0.020315778474747692,1.0,0,0.0018728520659302805
5,4,1000,1.0,shica_j,2,2,29,0.7024315423498148,0.34888033198214974,1.3314858909851992,0.6027508056029599,0.0,1,0.4169797656543259
5,4,1000,1.0,shica_ml,2,2,29,0.0009636157493445319,0.02004634370952105,0.0009636157493445319,0.02004634370952105,1.0,0,0.002411437936259142
5,4,1000,1.0,shica_j,2,2,30,0.020291396524218703,0.0713537295832034,0.020291396524218703,0.0713537295832034,1.0,0,0.051999371776239436
5,4,1000,1.0,shica_ml,2,2,30,0.001221768205534859,0.02207776259677936,0.0012217682055348585,0.02207776259677936,1.0,0,0.0019120217108575643
5,4,1000,1.0,shica_j,2,2,31,0.01069155198989738,0.05469284456042772,0.01069155198989738,0.05469284456042771,1.0,0,0.028025978831814402
5,4,1000,1.0,shica_ml,2,2,31,0.0002236638421164665,0.009767876782515866,0.00022366384211646651,0.009767876782515866,1.0,0,0.0005754325393702908
5,4,1000,1.0,shica_j,2,2,32,0.0038994901714047214,0.03400719440018749,0.003899490171404721,0.03400719440018749,1.0,0,0.01726127116347535
5,4,1000,1.0,shica_ml,2,2,32,0.0015848185744878351,0.026365840120084423,0.0015848185744878347,0.026365840120084423,1.0,0,0.002405157865558094
5,4,1000,1.0,shica_j,2,2,33,0.005340801111392074,0.046879844304744615,0.005340801111392074,0.046879844304744615,1.0,0,0.01027203911624604
5,4,1000,1.0,shica_ml,2,2,33,0.0009347323535139841,0.020395776618121537,0.0009347323535139841,0.020395776618121537,1.0,0,0.0016474280660746243
5,4,1000,1.0,shica_j,2,2,34,0.02250928591223516,0.08005772440262031,0.02250928591223516,0.08005772440262031,1.0,0,0.06168388841968693
5,4,1000,1.0,shica_ml,2,2,34,0.00043706823305051225,0.012654975158136916,0.00043706823305051225,0.012654975158136914,1.0,0,0.0009942158954937886
5,4,1000,1.0,shica_j,2,2,35,0.028537242098793585,0.07467864595688652,0.028537242098793592,0.07467864595688652,1.0,0,0.06051951529846923
5,4,1000,1.0,shica_ml,2,2,35,0.0004358323097785088,0.01381891694372946,0.0004358323097785088,0.013818916943729456,1.0,0,0.001915476998862925
5,4,1000,1.0,shica_j,2,2,36,0.2487714383910201,0.20097658853005962,0.7726248668509174,0.5250007471681759,0.6,1,0.3694318140821763
5,4,1000,1.0,shica_ml,2,2,36,0.0002867912457193085,0.01024004257305931,0.0002867912457193085,0.01024004257305931,1.0,0,0.0005982201653661368
5,4,1000,1.0,shica_j,2,2,37,0.034713281562518905,0.08994403631846967,0.0347132815625189,0.08994403631846966,1.0,0,0.1260138640799473
5,4,1000,1.0,shica_ml,2,2,37,0.0015828785516629016,0.022970123291849297,0.0015828785516629011,0.0229701232918493,1.0,0,0.0020924410660623062
5,4,1000,1.0,shica_j,2,2,38,0.00144119018664168,0.02180301654664439,0.00144119018664168,0.02180301654664439,1.0,0,0.0020557066047298066
5,4,1000,1.0,shica_ml,2,2,38,0.0008049081709011969,0.01848221757142455,0.0008049081709011969,0.01848221757142455,1.0,0,0.0014502883882214824
5,4,1000,1.0,shica_j,2,2,39,0.22746043766566576,0.2540340009713996,0.8371558754990811,0.5237304625024755,0.4,1,0.3330985424809507
5,4,1000,1.0,shica_ml,2,2,39,0.0013162973114928893,0.021772256490041077,0.0013162973114928893,0.021772256490041077,1.0,0,0.0020330430067456275
5,4,1000,1.0,shica_j,2,2,40,2.2190294878334247,0.5807045617741107,2.5768605978261303,0.8421690248600321,0.4,1,0.2565733707498282
5,4,1000,1.0,shica_ml,2,2,40,0.0025916964466148945,0.03086935830846831,0.0025916964466148945,0.03086935830846831,1.0,0,0.003849488487169228
5,4,1000,1.0,shica_j,2,2,41,0.026989102569995704,0.07405525343936688,0.026989102569995697,0.07405525343936688,1.0,0,0.06312436161012025
5,4,1000,1.0,shica_ml,2,2,41,0.000729561027649067,0.017859376329140232,0.0007295610276490669,0.017859376329140232,1.0,0,0.0019528650104255862
5,4,1000,1.0,shica_j,2,2,42,0.14983385483481187,0.20620754375093897,0.7662292720018636,0.48505321610067414,0.8,1,0.24589264096581492
5,4,1000,1.0,shica_ml,2,2,42,0.001054969222947199,0.022531919470687868,0.001054969222947199,0.022531919470687868,1.0,0,0.002027457181454051
5,4,1000,1.0,shica_j,2,2,43,0.6264854798361904,0.34967316495816164,1.5003516629884788,0.6985316881090796,0.6,1,0.37206542822445804
5,4,1000,1.0,shica_ml,2,2,43,0.003074146392343164,0.03364949056281332,0.003074146392343164,0.03364949056281333,1.0,0,0.005190363345692556
5,4,1000,1.0,shica_j,2,2,44,29.61441596543249,0.9716496214052714,29.78643565110869,1.312579356448276,0.4,1,0.3003892001387122
5,4,1000,1.0,shica_ml,2,2,44,0.0034892836203904666,0.033149546849399254,0.003489283620390466,0.033149546849399254,1.0,0,0.004138484030958988
5,4,1000,1.0,shica_j,2,2,45,0.02826452200195644,0.10808218293191214,0.02826452200195644,0.10808218293191214,1.0,0,0.04946142298500593
5,4,1000,1.0,shica_ml,2,2,45,0.0007698809648796854,0.01786418643957267,0.0007698809648796855,0.01786418643957267,1.0,0,0.0018418671244792128
5,4,1000,1.0,shica_j,2,2,46,0.16665705702074246,0.1712429482476859,0.6870321040757733,0.4773792120499814,0.4,1,0.4843973024673215
5,4,1000,1.0,shica_ml,2,2,46,0.0014058715455513332,0.02234906278579069,0.0014058715455513332,0.02234906278579069,1.0,0,0.0044573564893480465
5,4,1000,1.0,shica_j,2,2,47,0.016367255201502312,0.062120586816980385,0.016367255201502316,0.06212058681698039,1.0,0,0.056008168123112136
5,4,1000,1.0,shica_ml,2,2,47,0.0006841495943177428,0.017105657394313863,0.0006841495943177428,0.017105657394313863,1.0,0,0.0016070151643237495
5,4,1000,1.0,shica_j,2,2,48,0.005965190214210544,0.046250413560507984,0.005965190214210542,0.04625041356050799,1.0,0,0.012509136373279568
5,4,1000,1.0,shica_ml,2,2,48,0.0008173822313807778,0.01807225725510571,0.0008173822313807778,0.018072257255105712,1.0,0,0.0015527224794609606
5,4,1000,1.0,shica_j,2,2,49,0.2168244842947244,0.20922505354171683,0.21682448429472445,0.20922505354171683,1.0,0,0.0855039406084169
5,4,1000,1.0,shica_ml,2,2,49,0.0019809898927895288,0.02815695987478678,0.0019809898927895288,0.02815695987478678,1.0,0,0.002767983118724221
5,4,1000,1.0,shica_j,2,3,0,0.003254752999944828,0.04056438467113456,0.003254752999944828,0.04056438467113456,1.0,0,0.00777613197227493
5,4,1000,1.0,shica_ml,2,3,0,0.0006801359985999084,0.017986804225985788,0.0006801359985999084,0.017986804225985788,1.0,0,0.0014468092550792178
5,4,1000,1.0,shica_j,2,3,1,0.057615482302802466,0.13195521066321977,0.057615482302802466,0.13195521066321975,1.0,0,0.03610479517234029
5,4,1000,1.0,shica_ml,2,3,1,0.0013720929825676372,0.025988657666488963,0.0013720929825676372,0.025988657666488967,1.0,0,0.0027510067612003973
5,4,1000,1.0,shica_j,2,3,2,0.057487005691941914,0.13722898499970806,0.5688130320000102,0.29531791430655996,0.7999999999999999,1,0.09842508695398508
5,4,1000,1.0,shica_ml,2,3,2,0.0006139275228143237,0.014653783429391757,0.0006139275228143238,0.014653783429391753,1.0,0,0.001191532287242919
5,4,1000,1.0,shica_j,2,3,3,0.008809789371826937,0.04543119873206543,0.008809789371826937,0.04543119873206543,1.0,0,0.021461412925936223
5,4,1000,1.0,shica_ml,2,3,3,0.0009090342271080708,0.018616001076653725,0.0009090342271080709,0.018616001076653725,1.0,0,0.0011535323185014822
5,4,1000,1.0,shica_j,2,3,4,0.010056918281155713,0.05343297166448764,0.010056918281155713,0.05343297166448764,1.0,0,0.031905573029492235
5,4,1000,1.0,shica_ml,2,3,4,0.0017581376428151205,0.026458025899536736,0.0017581376428151205,0.026458025899536736,1.0,0,0.0015681647592172665
5,4,1000,1.0,shica_j,2,3,5,0.04827557789739271,0.1267932163440985,0.8250371927765364,0.4857122737326495,0.20000000000000004,1,0.06208333969091841
5,4,1000,1.0,shica_ml,2,3,5,0.03297614902522553,0.08850759488774561,0.03297614902522553,0.08850759488774562,1.0,0,0.056591289063353444
5,4,1000,1.0,shica_j,2,3,6,0.03631443243088459,0.12493336891106485,0.03631443243088459,0.12493336891106488,1.0,0,0.07200971437858442
5,4,1000,1.0,shica_ml,2,3,6,0.006484815258308509,0.04490617408425663,0.006484815258308509,0.04490617408425663,1.0,0,0.02211061168673937
5,4,1000,1.0,shica_j,2,3,7,0.32277426822885047,0.25261059802612607,0.7224939390403649,0.40038289676845257,0.7999999999999999,1,0.27485176929801275
5,4,1000,1.0,shica_ml,2,3,7,0.0005245005778866513,0.011428071994841667,0.0005245005778866513,0.011428071994841667,1.0,0,0.0014224414631036797
5,4,1000,1.0,shica_j,2,3,8,0.04811291477797116,0.1087286834982005,0.6033976823218417,0.3283509799956111,-0.8,1,0.06990165903714213
5,4,1000,1.0,shica_ml,2,3,8,0.0020090072644658166,0.02425069492802105,0.0020090072644658166,0.02425069492802105,1.0,0,0.002513049683748797
5,4,1000,1.0,shica_j,2,3,9,0.029539991973808955,0.0980481068782928,0.029539991973808955,0.0980481068782928,1.0,0,0.03255130682217766
5,4,1000,1.0,shica_ml,2,3,9,0.00038529245782075534,0.01278544069553981,0.0003852924578207554,0.012785440695539807,1.0,0,0.0006636756059106407
5,4,1000,1.0,shica_j,2,3,10,1.2812732971434393,0.5351597730783423,1.3631317159448257,0.6641175764115472,0.7999999999999999,1,0.21973199918303354
5,4,1000,1.0,shica_ml,2,3,10,0.0003808467240623956,0.010532358796608729,0.0003808467240623956,0.010532358796608729,1.0,0,0.001093168090152502
5,4,1000,1.0,shica_j,2,3,11,0.10200386014033944,0.15373489332846613,0.9593461821846084,0.5665155277612725,0.20000000000000004,1,0.10023634757518625
5,4,1000,1.0,shica_ml,2,3,11,0.001488357400960149,0.02674629645609944,0.0014883574009601488,0.026746296456099432,1.0,0,0.002389656129412815
5,4,1000,1.0,shica_j,2,3,12,0.07839151671104774,0.14485469578240445,0.07839151671104774,0.14485469578240445,1.0,0,0.07155965691940676
5,4,1000,1.0,shica_ml,2,3,12,0.0007557192497454267,0.018998385458798457,0.0007557192497454268,0.018998385458798457,1.0,0,0.001661250559969757
5,4,1000,1.0,shica_j,2,3,13,0.23103045734101454,0.21334541067587623,0.7289573453419553,0.5018817355384674,0.20000000000000004,1,0.2914862331707585
5,4,1000,1.0,shica_ml,2,3,13,0.000944670279203675,0.021632095220691892,0.000944670279203675,0.02163209522069189,1.0,0,0.0018481831970036445
5,4,1000,1.0,shica_j,2,3,14,0.18111921968832861,0.2550859425536648,0.5811826418558184,0.3524413139576591,0.7999999999999999,1,0.22654480371478022
5,4,1000,1.0,shica_ml,2,3,14,0.0018569292160613821,0.029523582711613195,0.0018569292160613821,0.029523582711613195,1.0,0,0.002739711457270638
5,4,1000,1.0,shica_j,2,3,15,0.04267681824603005,0.125260257918937,0.04267681824603005,0.125260257918937,1.0,0,0.05910916097070136
5,4,1000,1.0,shica_ml,2,3,15,0.012051214427431262,0.06188531767369863,0.012051214427431262,0.06188531767369863,1.0,0,0.02624410299584169
5,4,1000,1.0,shica_j,2,3,16,0.009418207670804918,0.05881192151943911,0.009418207670804916,0.05881192151943913,1.0,0,0.023258135039353978
5,4,1000,1.0,shica_ml,2,3,16,0.0020100826032771637,0.028155410822288184,0.0020100826032771637,0.028155410822288184,1.0,0,0.003993278506691395
5,4,1000,1.0,shica_j,2,3,17,0.06231288544963941,0.13001334685561824,0.06231288544963942,0.13001334685561824,1.0,0,0.051290430186356116
5,4,1000,1.0,shica_ml,2,3,17,0.00468174612102478,0.037906655227486256,0.004681746121024778,0.03790665522748626,1.0,0,0.0036275555879584365
5,4,1000,1.0,shica_j,2,3,18,0.6975330875125545,0.3795632200028159,1.0671838425767892,0.5472326105539701,0.20000000000000004,1,0.2820565105600208
5,4,1000,1.0,shica_ml,2,3,18,0.001466007059629275,0.024702518360068183,0.001466007059629275,0.024702518360068183,1.0,0,0.0022455573824222254
5,4,1000,1.0,shica_j,2,3,19,0.00899165151302078,0.06565977571629225,0.00899165151302078,0.06565977571629225,1.0,0,0.015422622717189777
5,4,1000,1.0,shica_ml,2,3,19,0.0029387529850542046,0.03095110788424113,0.002938752985054204,0.03095110788424113,1.0,0,0.009507403723223446
5,4,1000,1.0,shica_j,2,3,20,0.029659686435118293,0.08906617721438534,0.37828599914655797,0.29745231074063394,0.8,1,0.09194732931562441
5,4,1000,1.0,shica_ml,2,3,20,0.0008386953957032784,0.020112392713671753,0.0008386953957032782,0.020112392713671753,1.0,0,0.0022413279024362633
5,4,1000,1.0,shica_j,2,3,21,1.0775803999399405,0.319015046684063,1.5148610141388108,0.5670520429538316,0.8,1,0.4744326225454317
5,4,1000,1.0,shica_ml,2,3,21,0.006853280753926552,0.051611437073895504,0.006853280753926552,0.051611437073895504,1.0,0,0.009220283762046071
5,4,1000,1.0,shica_j,2,3,22,0.34801907009119915,0.20579345803959437,0.7401120017390459,0.45171734785208545,0.8,1,0.12253188334307075
5,4,1000,1.0,shica_ml,2,3,22,0.0006422384660896309,0.016446893137560408,0.0006422384660896309,0.016446893137560408,1.0,0,0.0017517894456054507
5,4,1000,1.0,shica_j,2,3,23,0.4522766415558076,0.3121675497336769,1.1510679448091732,0.6189385301158834,-0.20000000000000004,1,0.38276590206491673
5,4,1000,1.0,shica_ml,2,3,23,0.0016336456464482265,0.024886900713856942,0.0016336456464482265,0.024886900713856946,1.0,0,0.0019444196225095467
5,4,1000,1.0,shica_j,2,3,24,0.1452902236170638,0.20987387722730516,0.8447056455436946,0.5254507879070125,0.20000000000000004,1,0.3587608424917407
5,4,1000,1.0,shica_ml,2,3,24,0.0005903312229827695,0.015169842441593955,0.0005903312229827695,0.015169842441593955,1.0,0,0.0010905663072382833
5,4,1000,1.0,shica_j,2,3,25,0.2845538494938544,0.29162041020142004,0.2845538494938544,0.29162041020142004,1.0,0,0.39143574547542237
5,4,1000,1.0,shica_ml,2,3,25,0.001253489188156909,0.021161178245045636,0.001253489188156909,0.021161178245045636,1.0,0,0.0028024767847895484
5,4,1000,1.0,shica_j,2,3,26,0.018643689156213464,0.08488374114836736,0.01864368915621346,0.08488374114836736,1.0,0,0.0384618387299953
5,4,1000,1.0,shica_ml,2,3,26,0.0003539267702670192,0.011825052981464601,0.0003539267702670192,0.011825052981464601,1.0,0,0.000968638679104028
5,4,1000,1.0,shica_j,2,3,27,0.30277042106710705,0.2608602291247039,0.5972887054349699,0.4853350432448947,-0.7999999999999999,1,0.2534584803930916
5,4,1000,1.0,shica_ml,2,3,27,0.0011112089964674513,0.01882371195772523,0.0011112089964674513,0.01882371195772523,1.0,0,0.0021985517701288647
5,4,1000,1.0,shica_j,2,3,28,6.153209646289756,0.5093344150444752,6.514172298472097,0.8384433908420963,-0.4,1,0.23968453727009803
5,4,1000,1.0,shica_ml,2,3,28,0.0010528854226033242,0.019925735598415845,0.0010528854226033242,0.019925735598415848,1.0,0,0.0017855598709323294
5,4,1000,1.0,shica_j,2,3,29,0.7325777097405869,0.35685127961942104,1.359645299478872,0.6073240228394475,0.0,1,0.42659059813914524
5,4,1000,1.0,shica_ml,2,3,29,0.0007782314693988163,0.01813675381264237,0.0007782314693988163,0.01813675381264237,1.0,0,0.0020486550519023482
5,4,1000,1.0,shica_j,2,3,30,0.020348266982580902,0.071749153295852,0.020348266982580902,0.07174915329585199,1.0,0,0.05258820064570739
5,4,1000,1.0,shica_ml,2,3,30,0.001419780994942154,0.023868262450616108,0.001419780994942154,0.023868262450616108,1.0,0,0.0020880154599477786
5,4,1000,1.0,shica_j,2,3,31,0.010470067398525773,0.054002704985453474,0.010470067398525773,0.054002704985453474,1.0,0,0.027810179671471945
5,4,1000,1.0,shica_ml,2,3,31,0.00019358615690561823,0.008560827336648983,0.00019358615690561826,0.008560827336648983,1.0,0,0.0005250493633638664
5,4,1000,1.0,shica_j,2,3,32,0.004056279159817855,0.03434860895440561,0.004056279159817856,0.03434860895440561,1.0,0,0.01786368904009709
5,4,1000,1.0,shica_ml,2,3,32,0.001483069538424838,0.025552011090463837,0.001483069538424838,0.025552011090463844,1.0,0,0.002342493759835773
5,4,1000,1.0,shica_j,2,3,33,0.005341004460421285,0.04621061783354735,0.0053410044604212835,0.04621061783354736,1.0,0,0.010348927262328745
5,4,1000,1.0,shica_ml,2,3,33,0.0009039520540277285,0.019998410670919,0.0009039520540277285,0.019998410670918995,1.0,0,0.0016123779718931809
5,4,1000,1.0,shica_j,2,3,34,0.022187546054474604,0.08003853185296443,0.022187546054474604,0.08003853185296443,1.0,0,0.06094886616943892
5,4,1000,1.0,shica_ml,2,3,34,0.0006946589096751786,0.017107187554789537,0.0006946589096751786,0.017107187554789537,1.0,0,0.0011798663109577167
5,4,1000,1.0,shica_j,2,3,35,0.03155458067071718,0.08147594361946174,0.031554580670717175,0.08147594361946175,1.0,0,0.06417635448114878
5,4,1000,1.0,shica_ml,2,3,35,0.0016530377907975915,0.026757907080316203,0.0016530377907975915,0.026757907080316203,1.0,0,0.003487494419781806
5,4,1000,1.0,shica_j,2,3,36,0.3608083552529315,0.2065687540854603,0.8967082879073558,0.5380942383002445,0.6,1,0.3391959166795874
5,4,1000,1.0,shica_ml,2,3,36,0.0003094969817937192,0.01072029184971909,0.0003094969817937192,0.010720291849719088,1.0,0,0.0005646717692225911
5,4,1000,1.0,shica_j,2,3,37,0.03344912909670318,0.09050749557438811,0.03344912909670318,0.09050749557438811,1.0,0,0.12189210335571174
5,4,1000,1.0,shica_ml,2,3,37,0.001609580500194168,0.023205990837563435,0.001609580500194168,0.023205990837563435,1.0,0,0.0021320806242602795
5,4,1000,1.0,shica_j,2,3,38,0.0011840793151166147,0.02122328283200801,0.0011840793151166147,0.02122328283200801,1.0,0,0.0017567016861570529
5,4,1000,1.0,shica_ml,2,3,38,0.000939639575357179,0.01924084440833995,0.000939639575357179,0.01924084440833995,1.0,0,0.0014135762940316432
5,4,1000,1.0,shica_j,2,3,39,12.716151691138547,0.9067960986777056,13.648106292881224,1.1683663396744783,-0.4,1,0.6860623013399485
5,4,1000,1.0,shica_ml,2,3,39,0.6998848764861495,0.24491059096028542,1.1049088195241963,0.6484206267209283,-0.4,1,0.1656066031543069
5,4,1000,1.0,shica_j,2,3,40,2.342617876579383,0.584298210302838,2.677992889829215,0.8488271542331821,0.4,1,0.21858717362055763
5,4,1000,1.0,shica_ml,2,3,40,0.0025544242052293184,0.03064850788763977,0.0025544242052293184,0.03064850788763977,1.0,0,0.0038089928018628706
5,4,1000,1.0,shica_j,2,3,41,0.028779221101218548,0.07749437446729115,0.028779221101218548,0.07749437446729115,1.0,0,0.0655233200679983
5,4,1000,1.0,shica_ml,2,3,41,0.001264732373138139,0.022825868090569697,0.001264732373138139,0.022825868090569697,1.0,0,0.0025484761544010636
5,4,1000,1.0,shica_j,2,3,42,0.1504075000622695,0.20732211179067256,0.7668305548697917,0.4858708848863236,0.8,1,0.24689107618073308
5,4,1000,1.0,shica_ml,2,3,42,0.001181833629584158,0.02376993909554128,0.001181833629584158,0.02376993909554128,1.0,0,0.002361705946263959
5,4,1000,1.0,shica_j,2,3,43,0.6417486065821438,0.3524114609705446,1.5195968106525357,0.7006459938534249,0.6,1,0.372015932210639
5,4,1000,1.0,shica_ml,2,3,43,0.0029366231167293868,0.03366031110673738,0.0029366231167293868,0.03366031110673738,1.0,0,0.005090007091363813
5,4,1000,1.0,shica_j,2,3,44,32.08803781981445,1.0187294603467063,32.2778149939783,1.3663589969144847,0.4,1,0.3055280879863605
5,4,1000,1.0,shica_ml,2,3,44,0.0034380970371721887,0.03280108772736986,0.003438097037172189,0.03280108772736986,1.0,0,0.003948238536481491
5,4,1000,1.0,shica_j,2,3,45,0.04439940651805897,0.13568803502393018,0.04439940651805897,0.13568803502393018,1.0,0,0.07506773720686397
5,4,1000,1.0,shica_ml,2,3,45,0.019542896464533287,0.06890991557772404,0.019542896464533284,0.06890991557772404,1.0,0,0.03886573846133316
5,4,1000,1.0,shica_j,2,3,46,0.16131345488900134,0.16839157362002172,0.6842634131549156,0.4755043563092974,0.4,1,0.472842363581477
5,4,1000,1.0,shica_ml,2,3,46,0.0013396996903373014,0.02129117777663093,0.0013396996903373014,0.02129117777663093,1.0,0,0.004325720227742957
5,4,1000,1.0,shica_j,2,3,47,0.017490245652638525,0.07567798303376914,0.017490245652638525,0.07567798303376913,1.0,0,0.05173172905644876
5,4,1000,1.0,shica_ml,2,3,47,0.0015462876624845663,0.025317079549199584,0.0015462876624845663,0.025317079549199584,1.0,0,0.00293756566407668
5,4,1000,1.0,shica_j,2,3,48,0.006668819054005265,0.054223971620151155,0.006668819054005262,0.054223971620151155,1.0,0,0.013375631232574448
5,4,1000,1.0,shica_ml,2,3,48,0.0007704633230983948,0.018299340535260507,0.0007704633230983948,0.018299340535260507,1.0,0,0.0014483941029292957
5,4,1000,1.0,shica_j,2,3,49,1.6242228697335173,0.4112112901638805,2.232150052206401,0.8922835701071087,0.0,1,0.15364604260763254
5,4,1000,1.0,shica_ml,2,3,49,0.002220773416698717,0.028225195782662103,0.002220773416698717,0.028225195782662103,1.0,0,0.0028407555948236685
5,4,1000,1.0,shica_j,2,4,0,0.004081831991378101,0.04415209345822444,0.004081831991378101,0.04415209345822445,1.0,0,0.009873529850011503
5,4,1000,1.0,shica_ml,2,4,0,0.003913744794697811,0.04155040818869844,0.00391374479469781,0.04155040818869844,1.0,0,0.007689034711665993
5,4,1000,1.0,shica_j,2,4,1,0.04966315160770892,0.12349145994307822,0.04966315160770892,0.1234914599430782,1.0,0,0.0330255320449069
5,4,1000,1.0,shica_ml,2,4,1,0.0013115349180535848,0.024068361145986497,0.001311534918053585,0.024068361145986497,1.0,0,0.0023793682298175077
5,4,1000,1.0,shica_j,2,4,2,0.06076758303410187,0.14098809315411504,0.5727606095116948,0.29690991958991086,0.7999999999999999,1,0.10338749171947481
5,4,1000,1.0,shica_ml,2,4,2,0.0006794769572474579,0.015426064233033393,0.000679476957247458,0.015426064233033396,1.0,0,0.001254044782315522
5,4,1000,1.0,shica_j,2,4,3,0.006132626056709855,0.03682763399346974,0.006132626056709853,0.03682763399346974,1.0,0,0.01908456257001783
5,4,1000,1.0,shica_ml,2,4,3,0.0005276729661812587,0.014083873875370839,0.0005276729661812586,0.014083873875370839,1.0,0,0.0009045665783327494
5,4,1000,1.0,shica_j,2,4,4,0.009989901346029437,0.05983049216847962,0.009989901346029437,0.05983049216847962,1.0,0,0.03306542982905393
5,4,1000,1.0,shica_ml,2,4,4,0.0020379109080139223,0.02777442678228978,0.0020379109080139223,0.02777442678228978,1.0,0,0.0017316725370400909
5,4,1000,1.0,shica_j,2,4,5,0.04854915547620547,0.12755399251453903,0.826107425989905,0.4864160533471438,0.20000000000000004,1,0.06249567679790197
5,4,1000,1.0,shica_ml,2,4,5,0.03356259151684858,0.08914889502007019,0.03356259151684858,0.08914889502007017,1.0,0,0.057510167484206474
5,4,1000,1.0,shica_j,2,4,6,0.03740175975578201,0.12806772550747497,0.037401759755782006,0.12806772550747497,1.0,0,0.08889462433324447
5,4,1000,1.0,shica_ml,2,4,6,0.012288740757932015,0.056344811203850355,0.012288740757932013,0.056344811203850355,1.0,0,0.047562200751170056
5,4,1000,1.0,shica_j,2,4,7,0.3350705505901791,0.259372033190171,0.7315311871005941,0.4029103458615314,0.7999999999999999,1,0.270726625265313
5,4,1000,1.0,shica_ml,2,4,7,0.0003763208966342981,0.010865621483611712,0.00037632089663429803,0.010865621483611712,1.0,0,0.0008725355954250114
5,4,1000,1.0,shica_j,2,4,8,0.04760484326860951,0.11025161314221432,0.600384657205994,0.32884745069318816,-0.8,1,0.06934474902751767
5,4,1000,1.0,shica_ml,2,4,8,0.0117775137455076,0.059675650897990075,0.0117775137455076,0.059675650897990075,1.0,0,0.023182989445300055
5,4,1000,1.0,shica_j,2,4,9,0.030933227009142434,0.09801141781406902,0.030933227009142437,0.09801141781406904,1.0,0,0.03301072552023867
5,4,1000,1.0,shica_ml,2,4,9,0.00040450936011935887,0.013044024093606813,0.0004045093601193589,0.01304402409360681,1.0,0,0.0006925166286451123
5,4,1000,1.0,shica_j,2,4,10,1.276235612621928,0.5353503487296875,1.3488762818270021,0.6625509132681376,0.7999999999999999,1,0.21874917158707916
5,4,1000,1.0,shica_ml,2,4,10,0.0004350187040321514,0.011470318864343399,0.0004350187040321513,0.011470318864343399,1.0,0,0.0013246850782745955
5,4,1000,1.0,shica_j,2,4,11,0.2393009267291804,0.2098144612585005,0.8572779957117082,0.6111762713594138,-0.8,1,0.13065284669874652
5,4,1000,1.0,shica_ml,2,4,11,0.0014885772306011849,0.0262883162072881,0.0014885772306011849,0.0262883162072881,1.0,0,0.0023776926354129755
5,4,1000,1.0,shica_j,2,4,12,0.08980739290553494,0.15389656868251725,0.08980739290553494,0.15389656868251725,1.0,0,0.07690021739279887
5,4,1000,1.0,shica_ml,2,4,12,0.0013492695947185476,0.023515971809097043,0.0013492695947185476,0.023515971809097043,1.0,0,0.003020525178500577
5,4,1000,1.0,shica_j,2,4,13,0.22081776783505475,0.214086670081302,0.7307658555840092,0.5041362213544739,0.20000000000000004,1,0.3150951978373528
5,4,1000,1.0,shica_ml,2,4,13,0.0009126281265304983,0.01993775829469469,0.0009126281265304983,0.01993775829469469,1.0,0,0.0018031141765559367
5,4,1000,1.0,shica_j,2,4,14,0.17213787748615234,0.24579772185683516,0.5736980055097861,0.3474179867935698,0.7999999999999999,1,0.21615129163573207
5,4,1000,1.0,shica_ml,2,4,14,0.0017003657419295548,0.02820803570837781,0.0017003657419295552,0.02820803570837781,1.0,0,0.0026985528052734633
5,4,1000,1.0,shica_j,2,4,15,0.11244344611262305,0.19676416861112286,1.1053014575359768,0.5758503008467136,0.8,1,0.1373925616631035
5,4,1000,1.0,shica_ml,2,4,15,0.020679998544907353,0.07888714679561108,0.020679998544907353,0.07888714679561107,1.0,0,0.04104470810251103
5,4,1000,1.0,shica_j,2,4,16,0.009093685275073825,0.05885076231430457,0.009093685275073825,0.05885076231430458,1.0,0,0.022494615160540004
5,4,1000,1.0,shica_ml,2,4,16,0.0014548441035918144,0.024014361448874318,0.0014548441035918147,0.02401436144887432,1.0,0,0.002625352606237269
5,4,1000,1.0,shica_j,2,4,17,0.05897165152730559,0.12630513223758053,0.05897165152730559,0.12630513223758055,1.0,0,0.04847155119119134
5,4,1000,1.0,shica_ml,2,4,17,0.004687722977155822,0.03796727751016031,0.004687722977155822,0.03796727751016031,1.0,0,0.003632755900446566
5,4,1000,1.0,shica_j,2,4,18,0.6994082126150578,0.3756640237435134,1.053644559352741,0.5416549389346432,0.20000000000000004,1,0.2761774072961335
5,4,1000,1.0,shica_ml,2,4,18,0.0012689416983491428,0.02348790649400032,0.001268941698349143,0.023487906494000323,1.0,0,0.0019664196319527315
5,4,1000,1.0,shica_j,2,4,19,0.008311184852635036,0.061891725128012685,0.008311184852635036,0.061891725128012665,1.0,0,0.012611521409108728
5,4,1000,1.0,shica_ml,2,4,19,0.0017982348199646135,0.026471450100979364,0.0017982348199646135,0.026471450100979364,1.0,0,0.005892517795690283
5,4,1000,1.0,shica_j,2,4,20,0.03024557616018621,0.10403233172142083,0.3746041566894998,0.3041547770910989,0.8,1,0.09615400804222449
5,4,1000,1.0,shica_ml,2,4,20,0.0019577471830121125,0.031497305512222906,0.0019577471830121125,0.031497305512222906,1.0,0,0.0052163754082700355
5,4,1000,1.0,shica_j,2,4,21,0.861412011847003,0.3876051571123076,1.442802689875264,0.7309032357643039,-0.20000000000000004,1,0.5356253651461682
5,4,1000,1.0,shica_ml,2,4,21,0.09397952928524833,0.15977083799891195,0.09397952928524834,0.15977083799891195,1.0,0,0.08377060717439369
5,4,1000,1.0,shica_j,2,4,22,0.26026152920974605,0.1977045276299275,0.7438909247939738,0.44910445738784377,0.4,1,0.14155787268714104
5,4,1000,1.0,shica_ml,2,4,22,0.001956005109807026,0.027152884196965894,0.001956005109807026,0.027152884196965894,1.0,0,0.0032463658965654397
5,4,1000,1.0,shica_j,2,4,23,0.5752917149184441,0.4551267308795148,1.251201261996514,0.7182023995230035,-0.20000000000000004,1,0.727614932073241
5,4,1000,1.0,shica_ml,2,4,23,0.05675389534100508,0.11587800867369524,0.05675389534100508,0.11587800867369524,1.0,0,0.13196959140383693
5,4,1000,1.0,shica_j,2,4,24,0.5797260325312354,0.4363439644269393,1.3386824661764627,0.6740175296011909,0.0,1,0.7813992453700634
5,4,1000,1.0,shica_ml,2,4,24,0.000483070718539783,0.013535985640078066,0.0004830707185397829,0.013535985640078069,1.0,0,0.0008370914599940604
5,4,1000,1.0,shica_j,2,4,25,0.3152720622446006,0.30590600434618326,0.3152720622446006,0.3059060043461832,1.0,0,0.4296099560387723
5,4,1000,1.0,shica_ml,2,4,25,0.30796267467367155,0.305571055985113,0.8849281429024464,0.5534736513253244,-0.2,1,0.42877526297455865
5,4,1000,1.0,shica_j,2,4,26,0.00808729758199508,0.05810464764237302,0.00808729758199508,0.05810464764237302,1.0,0,0.01596439137385296
5,4,1000,1.0,shica_ml,2,4,26,0.00026377082758418416,0.010386816539776328,0.0002637708275841842,0.010386816539776328,1.0,0,0.0007577952387765652
5,4,1000,1.0,shica_j,2,4,27,0.7109521397013312,0.4852254689796762,1.1397029072634233,0.6942429776156054,-0.7999999999999999,1,0.44083722773314243
5,4,1000,1.0,shica_ml,2,4,27,0.21556175955669615,0.19041373588074548,0.631981129619079,0.48694664034086144,-0.4,1,0.1587304410164204
5,4,1000,1.0,shica_j,2,4,28,6.073591357226632,0.5066285409845916,6.436655126972738,0.8358935559412831,-0.4,1,0.23981647081351096
5,4,1000,1.0,shica_ml,2,4,28,0.0010530532347377262,0.01993329820161002,0.0010530532347377264,0.01993329820161002,1.0,0,0.0017814839605097166
5,4,1000,1.0,shica_j,2,4,29,0.7296170237518282,0.358722915361789,1.359957053333043,0.6090643811737835,0.0,1,0.427519164109154
5,4,1000,1.0,shica_ml,2,4,29,0.0008659946698030645,0.018901465321088506,0.0008659946698030644,0.018901465321088502,1.0,0,0.002116737658721629
5,4,1000,1.0,shica_j,2,4,30,0.020211377100345297,0.07081037016547931,0.020211377100345294,0.07081037016547931,1.0,0,0.052406110223621384
5,4,1000,1.0,shica_ml,2,4,30,0.0012821114744059846,0.022630695340945105,0.0012821114744059846,0.022630695340945105,1.0,0,0.001962843109873913
5,4,1000,1.0,shica_j,2,4,31,0.010917632338876729,0.055212158559374336,0.01091763233887673,0.05521215855937435,1.0,0,0.029422983638302223
5,4,1000,1.0,shica_ml,2,4,31,0.00048256012371611986,0.014203009389828863,0.00048256012371611986,0.014203009389828863,1.0,0,0.0012103955841170412
5,4,1000,1.0,shica_j,2,4,32,0.005081261167517741,0.03760936934905826,0.005081261167517739,0.03760936934905826,1.0,0,0.022758632909170646
5,4,1000,1.0,shica_ml,2,4,32,0.0011522766274680335,0.02274036869021393,0.0011522766274680335,0.02274036869021393,1.0,0,0.0018983078617672623
5,4,1000,1.0,shica_j,2,4,33,0.005620001213766325,0.04860475454376438,0.005620001213766325,0.04860475454376438,1.0,0,0.01092082575251827
5,4,1000,1.0,shica_ml,2,4,33,0.0010694172372196617,0.021754923206706966,0.0010694172372196615,0.021754923206706966,1.0,0,0.0019198103231193643
5,4,1000,1.0,shica_j,2,4,34,0.02191040470979052,0.07914009550173814,0.021910404709790523,0.07914009550173814,1.0,0,0.060522601487707516
5,4,1000,1.0,shica_ml,2,4,34,0.0011830461854652088,0.02097144549012251,0.0011830461854652088,0.02097144549012251,1.0,0,0.001431754767123472
5,4,1000,1.0,shica_j,2,4,35,0.03086524627259548,0.08058868197286936,0.03086524627259548,0.08058868197286936,1.0,0,0.06329876290764169
5,4,1000,1.0,shica_ml,2,4,35,0.0016098781905038839,0.026489602115874606,0.0016098781905038843,0.0264896021158746,1.0,0,0.0034680050961093944
5,4,1000,1.0,shica_j,2,4,36,0.36088401218543875,0.20479908706743766,0.8977642570956499,0.5370267229450084,0.6,1,0.3411795560359027
5,4,1000,1.0,shica_ml,2,4,36,0.0004079095150807983,0.011541938575364386,0.0004079095150807983,0.011541938575364386,1.0,0,0.0006269320745054153
5,4,1000,1.0,shica_j,2,4,37,0.051891603350241934,0.14582452225047912,0.05189160335024194,0.14582452225047912,1.0,0,0.1354080917669472
5,4,1000,1.0,shica_ml,2,4,37,0.009909465307035884,0.06012874730089531,0.00990946530703588,0.060128747300895305,1.0,0,0.00968071597458951
5,4,1000,1.0,shica_j,2,4,38,0.0009239857505510846,0.01932946628416283,0.0009239857505510846,0.01932946628416283,1.0,0,0.0016112326069654015
5,4,1000,1.0,shica_ml,2,4,38,0.0005075858681381135,0.01463534422277093,0.0005075858681381135,0.01463534422277093,1.0,0,0.0012082653472313021
5,4,1000,1.0,shica_j,2,4,39,0.49641935547557053,0.40335591884132793,0.9264368989477969,0.6794150925558047,0.0,1,0.690294801226801
5,4,1000,1.0,shica_ml,2,4,39,0.06588317510221736,0.11088581334229701,0.06588317510221736,0.11088581334229701,1.0,0,0.17147319988278084
5,4,1000,1.0,shica_j,2,4,40,2.618297408734142,0.4280800740737158,4.0166304047244,0.9495232025577505,-0.2,1,0.35843117068261876
5,4,1000,1.0,shica_ml,2,4,40,0.0021548165669914034,0.029704106208498105,0.0021548165669914034,0.029704106208498105,1.0,0,0.0031310398071867475
5,4,1000,1.0,shica_j,2,4,41,0.028120838472867248,0.07787741199866156,0.028120838472867248,0.07787741199866156,1.0,0,0.06557251453471342
5,4,1000,1.0,shica_ml,2,4,41,0.782425133226978,0.3990637111180636,1.4142321235581043,0.6254160507591952,0.4,1,0.17878948247434207
5,4,1000,1.0,shica_j,2,4,42,0.1508489361972651,0.2080650841147127,0.7674009817571938,0.486550955962053,0.8,1,0.2478911551587463
5,4,1000,1.0,shica_ml,2,4,42,0.0011324795071445605,0.02339874352283659,0.0011324795071445605,0.023398743522836586,1.0,0,0.0024235092811903947
5,4,1000,1.0,shica_j,2,4,43,0.6176182280789607,0.3437751485705297,1.499682576138585,0.6995823302831478,0.6,1,0.36669191992946026
5,4,1000,1.0,shica_ml,2,4,43,0.003136937390460063,0.03672767833062841,0.003136937390460062,0.03672767833062841,1.0,0,0.005441200002465213
5,4,1000,1.0,shica_j,2,4,44,32.556737506422685,1.0314264498815051,32.748189599132,1.3791784352344056,0.4,1,0.3099675945292157
5,4,1000,1.0,shica_ml,2,4,44,0.0035351280282153396,0.03371071101471729,0.003535128028215339,0.0337107110147173,1.0,0,0.004000766728238764
5,4,1000,1.0,shica_j,2,4,45,0.06937039812605472,0.1591992867833379,0.06937039812605471,0.1591992867833379,1.0,0,0.10023652203824
5,4,1000,1.0,shica_ml,2,4,45,0.055094994308892774,0.10031550805337837,0.05509499430889277,0.10031550805337834,1.0,0,0.07235305813897329
5,4,1000,1.0,shica_j,2,4,46,0.23716492816342427,0.23327110857160185,0.7343961952659874,0.5030073200631878,0.4,1,0.44298688774091455
5,4,1000,1.0,shica_ml,2,4,46,0.008399713216130745,0.056437477332403375,0.008399713216130745,0.05643747733240336,1.0,0,0.013661340813324995
5,4,1000,1.0,shica_j,2,4,47,0.018689783629346375,0.08232326917569346,0.01868978362934637,0.08232326917569346,1.0,0,0.05422050047655129
5,4,1000,1.0,shica_ml,2,4,47,0.0015272132985598072,0.023493544917371857,0.001527213298559807,0.023493544917371857,1.0,0,0.0022353193092107316
5,4,1000,1.0,shica_j,2,4,48,0.010102699081828868,0.06861945637743953,0.010102699081828868,0.06861945637743953,1.0,0,0.020264342558001063
5,4,1000,1.0,shica_ml,2,4,48,0.006015394245036229,0.04761038857944879,0.006015394245036228,0.0476103885794488,1.0,0,0.011530252627575371
5,4,1000,1.0,shica_j,2,4,49,0.6025300676482738,0.3025461850475466,1.0435367641945656,0.5746450216773059,0.8,1,0.12922147583349913
5,4,1000,1.0,shica_ml,2,4,49,0.007058597383631094,0.04927846589389888,0.0070585973836310946,0.04927846589389888,1.0,0,0.0242833106806404
5,4,1000,1.0,shica_j,2,5,0,0.9469008392338851,0.35290369839409774,1.7954577990511198,0.6270943000626534,-0.4,1,0.4219354603454102
5,4,1000,1.0,shica_ml,2,5,0,0.1197830108089049,0.16473217489071995,0.1197830108089049,0.16473217489071995,1.0,0,0.17650899709575038
5,4,1000,1.0,shica_j,2,5,1,0.15228705857540809,0.21315388031670096,0.6163346926075638,0.3995900626319323,0.7999999999999999,1,0.17243566589272757
5,4,1000,1.0,shica_ml,2,5,1,0.27618793714027545,0.1497888876375377,1.1630575413881594,0.6129011206036274,0.4,1,0.19213006077908543
5,4,1000,1.0,shica_j,2,5,2,0.09272642995447988,0.1996276865376024,0.6035742866005622,0.3558407413319258,0.7999999999999999,1,0.25473898919218674
5,4,1000,1.0,shica_ml,2,5,2,0.03303369791959963,0.07651716392297125,0.033033697919599626,0.07651716392297125,1.0,0,0.15054735915214262
5,4,1000,1.0,shica_j,2,5,3,0.01871203982945461,0.08482324370451347,0.01871203982945461,0.08482324370451347,1.0,0,0.03782692619376529
5,4,1000,1.0,shica_ml,2,5,3,0.010585676722664845,0.05934992971321795,0.010585676722664847,0.05934992971321795,1.0,0,0.01605142645052048
5,4,1000,1.0,shica_j,2,5,4,0.11586874823160911,0.18462335292040905,0.11586874823160911,0.18462335292040905,1.0,0,0.0703992921131962
5,4,1000,1.0,shica_ml,2,5,4,0.11856662825951403,0.17413744015377963,0.11856662825951403,0.17413744015377963,1.0,0,0.04388575106207768
5,4,1000,1.0,shica_j,2,5,5,7.959311743050469,0.6232154007229321,9.557431132349489,1.0500714407009972,-0.8,1,0.4477011477713764
5,4,1000,1.0,shica_ml,2,5,5,408.54437931326834,2.9755474850482964,413.23596935660936,3.3753363125338653,-0.8,1,0.2818171833090815
5,4,1000,1.0,shica_j,2,5,6,0.07005196820841957,0.16254858567550273,0.5865070226924851,0.4803296431397164,-0.4,1,0.17269370649873825
5,4,1000,1.0,shica_ml,2,5,6,0.04561596847926143,0.09014927177093682,0.04561596847926142,0.09014927177093682,1.0,0,0.12807492220830446
5,4,1000,1.0,shica_j,2,5,7,1.2358956923667612,0.5355212395669847,1.7428971240618423,0.8060217689169786,-0.7999999999999999,1,0.5319635861944974
5,4,1000,1.0,shica_ml,2,5,7,0.24681250682981473,0.2222397303305635,0.8826843504477637,0.5621607682785335,-0.4,1,0.3836274296408365
5,4,1000,1.0,shica_j,2,5,8,0.04845760923076695,0.11247498970109074,0.6013035373723025,0.3300976119360951,-0.8,1,0.07086474652440601
5,4,1000,1.0,shica_ml,2,5,8,0.03300463864686246,0.09383583232932172,0.03300463864686246,0.09383583232932173,1.0,0,0.07120782003076565
5,4,1000,1.0,shica_j,2,5,9,0.05438856757066244,0.14568762776512642,0.5869587080890085,0.415452608711165,0.20000000000000004,1,0.1309068444657823
5,4,1000,1.0,shica_ml,2,5,9,0.0009863818977881172,0.019341166870586606,0.0009863818977881172,0.019341166870586606,1.0,0,0.0027933351636301508
5,4,1000,1.0,shica_j,2,5,10,1.6008290450817875,0.6848990845144046,1.9001845097328982,0.8721023235622407,-0.4,1,0.4819721323726121
5,4,1000,1.0,shica_ml,2,5,10,0.28566555581670744,0.15449194428914145,0.7935387141694109,0.6076186461486676,0.20000000000000004,1,0.2847573845310207
5,4,1000,1.0,shica_j,2,5,11,0.3410876535955222,0.2668457246514869,1.1886961206054967,0.7283341148856517,-0.4,1,0.173688010910692
5,4,1000,1.0,shica_ml,2,5,11,0.02272874269024542,0.08453812736364294,0.02272874269024542,0.08453812736364293,1.0,0,0.05138232718739224
5,4,1000,1.0,shica_j,2,5,12,0.10641593211404202,0.19297057274368118,0.10641593211404203,0.19297057274368118,1.0,0,0.11858213343007984
5,4,1000,1.0,shica_ml,2,5,12,0.017128301349630868,0.06610032994322217,0.01712830134963087,0.06610032994322218,1.0,0,0.043054210821070325
5,4,1000,1.0,shica_j,2,5,13,0.25847016024949143,0.2813482806386638,0.791057916212272,0.5618275891027139,0.20000000000000004,1,0.40005634843069443
5,4,1000,1.0,shica_ml,2,5,13,0.7608783685419649,0.2358276727027338,1.4013930159317058,0.6079074202997493,0.4,1,0.19999187494061538
5,4,1000,1.0,shica_j,2,5,14,0.3945243682792502,0.39980786634433707,0.7081219630442694,0.5378343131408396,0.2,1,0.4347085822736531
5,4,1000,1.0,shica_ml,2,5,14,0.07094189721407602,0.11889266338675633,0.7703310503953138,0.5271612843257081,-0.4,1,0.332605575614047
5,4,1000,1.0,shica_j,2,5,15,0.09174685275978434,0.1808715465284726,1.0820816628587864,0.5632009795152684,0.8,1,0.12105228350946737
5,4,1000,1.0,shica_ml,2,5,15,0.0981317374942138,0.14514198090191663,0.9345043298917105,0.5330501406574191,0.4,1,0.4794084314440529
5,4,1000,1.0,shica_j,2,5,16,0.006431757917009022,0.0495842320830325,0.006431757917009022,0.0495842320830325,1.0,0,0.015681971632295795
5,4,1000,1.0,shica_ml,2,5,16,0.01637745848861899,0.06422091838487745,0.01637745848861899,0.06422091838487745,1.0,0,0.03033742475615452
5,4,1000,1.0,shica_j,2,5,17,0.14055120298023308,0.2264994557914836,0.7526271276653169,0.5412688821698787,0.20000000000000004,1,0.14124832564186113
5,4,1000,1.0,shica_ml,2,5,17,0.05157384326456456,0.11421400452838919,0.051573843264564566,0.11421400452838919,1.0,0,0.068289394012774
5,4,1000,1.0,shica_j,2,5,18,0.7725236794840635,0.45813066878579856,1.0068500215541358,0.5732587361116275,0.20000000000000004,1,0.5268422691586232
5,4,1000,1.0,shica_ml,2,5,18,0.06323277633439303,0.10867816699818364,0.06323277633439303,0.10867816699818364,1.0,0,0.2522370404399362
5,4,1000,1.0,shica_j,2,5,19,0.008160866761957727,0.06222467953169179,0.008160866761957727,0.06222467953169179,1.0,0,0.012435496676253377
5,4,1000,1.0,shica_ml,2,5,19,0.0017580739588480229,0.02630300732847416,0.0017580739588480229,0.026303007328474154,1.0,0,0.00573571822552939
5,4,1000,1.0,shica_j,2,5,20,0.14789594252456975,0.22828377920669313,0.5388328476792653,0.40290908399972836,0.8,1,0.22379488213453785
5,4,1000,1.0,shica_ml,2,5,20,0.11677391112921898,0.1549198603129557,0.4414652635431864,0.38044387284487186,0.2,1,0.13148248363255333
5,4,1000,1.0,shica_j,2,5,21,1.1549969420957367,0.6007642319875068,1.48412491394201,0.7575443035167213,-0.20000000000000004,1,0.6447040093796271
5,4,1000,1.0,shica_ml,2,5,21,0.6031956982456386,0.38026280604335405,0.9508371675602568,0.5703796859309589,0.20000000000000004,1,0.19896543600324082
5,4,1000,1.0,shica_j,2,5,22,0.312017118175196,0.2719787588068033,0.7894857459318831,0.4833824961745784,0.7999999999999999,1,0.19708635067498853
5,4,1000,1.0,shica_ml,2,5,22,0.08003757244150769,0.12666612133992422,0.08003757244150769,0.12666612133992422,1.0,0,0.09292407175120906
5,4,1000,1.0,shica_j,2,5,23,0.6437490881884406,0.4728629869155355,1.3234837124189816,0.7320726497397054,-0.20000000000000004,1,0.699280225400658
5,4,1000,1.0,shica_ml,2,5,23,0.18756260950428366,0.18542723293146407,0.8994177268046446,0.5688611535528441,-0.8,1,0.3113206918510122
5,4,1000,1.0,shica_j,2,5,24,0.727035248412225,0.4582901985902959,1.665217661479031,0.7493258538389129,0.0,1,0.7397627840958894
5,4,1000,1.0,shica_ml,2,5,24,0.7053299523222787,0.3342354964080751,1.3563860299128827,0.6068138242709027,0.0,1,0.44291885671561726
5,4,1000,1.0,shica_j,2,5,25,0.3577027011073862,0.3474756132410812,0.3577027011073862,0.3474756132410812,1.0,0,0.49814250278885075
5,4,1000,1.0,shica_ml,2,5,25,0.0018907180893416773,0.026682324133923595,0.0018907180893416777,0.026682324133923595,1.0,0,0.0038385877549533265
5,4,1000,1.0,shica_j,2,5,26,2.675102383132237,0.36005873430000424,2.7788494392961987,0.6633981738010083,-0.6,1,0.3484796929105693
5,4,1000,1.0,shica_ml,2,5,26,9.545792931789006,0.4330457480893039,9.320321481963932,0.8278316277376057,-0.6,1,0.2977678422630515
5,4,1000,1.0,shica_j,2,5,27,0.6800467784180373,0.47776467653702237,1.1058637136276104,0.687037080335007,-0.7999999999999999,1,0.4367241186721375
5,4,1000,1.0,shica_ml,2,5,27,0.23663611865591286,0.19698167698169072,0.6521147961876804,0.4935233412567908,-0.4,1,0.16087811134525815
5,4,1000,1.0,shica_j,2,5,28,4.220246948412615,0.4881939157867986,4.631030289965091,0.7930074211842847,-0.4,1,0.2732285063906591
5,4,1000,1.0,shica_ml,2,5,28,0.040804554605722194,0.08709182091576752,0.040804554605722194,0.08709182091576753,1.0,0,0.055722294277820085
5,4,1000,1.0,shica_j,2,5,29,0.7389189048193892,0.3724241235828465,1.3577732488439374,0.6140059879242236,0.0,1,0.4412791619008335
5,4,1000,1.0,shica_ml,2,5,29,0.0019435943593768584,0.026668916748668142,0.0019435943593768584,0.026668916748668142,1.0,0,0.007540519306699978
5,4,1000,1.0,shica_j,2,5,30,0.020181042465636626,0.07095180152330502,0.020181042465636626,0.07095180152330502,1.0,0,0.05244063161690218
5,4,1000,1.0,shica_ml,2,5,30,0.0013573286583252059,0.023337732251420835,0.0013573286583252059,0.023337732251420835,1.0,0,0.002027603194872396
5,4,1000,1.0,shica_j,2,5,31,0.011812881504354349,0.061557133645396625,0.011812881504354349,0.06155713364539661,1.0,0,0.030566013706602613
5,4,1000,1.0,shica_ml,2,5,31,0.0009931084276278744,0.020792783343526737,0.0009931084276278744,0.020792783343526737,1.0,0,0.0025187298748775124
5,4,1000,1.0,shica_j,2,5,32,0.007071601553656484,0.05339864609370999,0.007071601553656483,0.05339864609370999,1.0,0,0.02103446836217148
5,4,1000,1.0,shica_ml,2,5,32,0.055122949053466,0.12574266458573888,0.055122949053466,0.12574266458573888,1.0,0,0.06448521243828066
5,4,1000,1.0,shica_j,2,5,33,0.016364468882872706,0.08844765878585792,0.016364468882872706,0.08844765878585792,1.0,0,0.026039922017327653
5,4,1000,1.0,shica_ml,2,5,33,0.011465959651191937,0.06260926170864786,0.011465959651191935,0.06260926170864786,1.0,0,0.015706902441360998
5,4,1000,1.0,shica_j,2,5,34,0.09721602085956549,0.1908038384286797,0.09721602085956547,0.1908038384286797,1.0,0,0.11984390263928424
5,4,1000,1.0,shica_ml,2,5,34,0.007922429159317967,0.048140119409695974,0.007922429159317967,0.04814011940969597,1.0,0,0.007470316920807618
5,4,1000,1.0,shica_j,2,5,35,0.03757321134233672,0.08896040815959157,0.03757321134233671,0.08896040815959157,1.0,0,0.07130823956928452
5,4,1000,1.0,shica_ml,2,5,35,0.0057101627288920894,0.04607757571426317,0.00571016272889209,0.046077575714263165,1.0,0,0.008017127279431213
5,4,1000,1.0,shica_j,2,5,36,0.3648493859555108,0.26539261728052316,0.9239547934348241,0.5625886471812692,0.6,1,0.37602370934366636
5,4,1000,1.0,shica_ml,2,5,36,0.029269114852661437,0.10213141620696073,0.029269114852661444,0.10213141620696073,1.0,0,0.04584085464268058
5,4,1000,1.0,shica_j,2,5,37,0.052663504157148745,0.14663816784068523,0.05266350415714875,0.14663816784068523,1.0,0,0.13815242408461487
5,4,1000,1.0,shica_ml,2,5,37,0.009848869599641838,0.05996568558845881,0.009848869599641838,0.059965685588458814,1.0,0,0.009634342451387418
5,4,1000,1.0,shica_j,2,5,38,0.030263088899935092,0.08591998249119648,0.030263088899935092,0.08591998249119648,1.0,0,0.022801555952323038
5,4,1000,1.0,shica_ml,2,5,38,0.03263540394766314,0.08499160642215901,0.03263540394766314,0.08499160642215901,1.0,0,0.02313627160282789
5,4,1000,1.0,shica_j,2,5,39,0.5384018759202822,0.4113520808415333,0.9624493503591145,0.6865177050650564,0.0,1,0.7052394345797713
5,4,1000,1.0,shica_ml,2,5,39,0.08464620955315283,0.12152362925999385,0.08464620955315283,0.12152362925999387,1.0,0,0.20297704089673368
5,4,1000,1.0,shica_j,2,5,40,3271.477351845325,8.8360654135914,3306.9184907762037,9.084848976732822,-0.4,1,0.2522473935620867
5,4,1000,1.0,shica_ml,2,5,40,0.0023993326549979974,0.03231549472947918,0.0023993326549979974,0.03231549472947918,1.0,0,0.0034328269334321705
5,4,1000,1.0,shica_j,2,5,41,0.07092602859159786,0.16361812560746283,0.07092602859159787,0.16361812560746283,1.0,0,0.1046132592160522
5,4,1000,1.0,shica_ml,2,5,41,0.641501660383982,0.36750443252739595,1.255283790873391,0.6033164997955479,0.4,1,0.22186807664648658
5,4,1000,1.0,shica_j,2,5,42,0.1552981624988766,0.23872120482720893,0.7850161818310799,0.5072788075477858,0.8,1,0.25849329227566653
5,4,1000,1.0,shica_ml,2,5,42,0.05680955417976361,0.10188968321669481,0.7564916960069028,0.43872382223636563,0.8,1,0.0659460826492528
5,4,1000,1.0,shica_j,2,5,43,0.624479823318556,0.34483448813113043,1.508066569360798,0.7010872136822945,0.6,1,0.36407357176013455
5,4,1000,1.0,shica_ml,2,5,43,0.013134819057808961,0.07122210369409976,0.013134819057808961,0.07122210369409976,1.0,0,0.022791415981718976
5,4,1000,1.0,shica_j,2,5,44,31.222923690102714,1.086663604307079,31.20040953043813,1.3427157134121939,0.4,1,0.7288860999989757
5,4,1000,1.0,shica_ml,2,5,44,0.09276159046480681,0.13720400703370075,0.09276159046480681,0.13720400703370075,1.0,0,0.4610356294286543
5,4,1000,1.0,shica_j,2,5,45,5.21054938084629,0.5498884970047525,5.3553496317517455,0.804029967155075,-0.4,1,0.19699592250877157
5,4,1000,1.0,shica_ml,2,5,45,3.2473313927146976,0.3924204740088558,3.5097043506513446,0.6939323122536699,-0.4,1,0.17815022677591355
5,4,1000,1.0,shica_j,2,5,46,0.7374169536062364,0.46897376526197315,1.1532710525087888,0.657059172634251,0.0,1,0.7830465837132439
5,4,1000,1.0,shica_ml,2,5,46,0.5301108920233297,0.32354816470834785,1.2511819117541594,0.5659558885819005,0.8,1,0.306073635629431
5,4,1000,1.0,shica_j,2,5,47,0.01390695515028063,0.05865646691389694,0.01390695515028063,0.05865646691389694,1.0,0,0.04740176071440992
5,4,1000,1.0,shica_ml,2,5,47,0.02656453221677782,0.06943537789094112,0.026564532216777827,0.06943537789094112,1.0,0,0.012513507242600558
5,4,1000,1.0,shica_j,2,5,48,0.02107014492027428,0.09310273986777733,0.02107014492027428,0.09310273986777733,1.0,0,0.03968117833412613
5,4,1000,1.0,shica_ml,2,5,48,0.0776663638179492,0.1204372642795442,0.8928333812035987,0.5806189588262674,-0.4,1,0.07479761190502558
5,4,1000,1.0,shica_j,2,5,49,0.6340646353941671,0.3583854570456987,1.065381870552973,0.609199561042918,0.8,1,0.24318399888591902
5,4,1000,1.0,shica_ml,2,5,49,0.02512645960611502,0.08193597503428185,0.025126459606115027,0.08193597503428185,1.0,0,0.09905565307475175
