m,p,n,noise_level,ica_algo,nb_gaussian_disturbances,nb_equal_variances,nb_zeros_Ti,shared_causal_ordering,random_state,error_B,error_B_abs,error_T,error_T_abs,error_P_spearmanr,error_P_exact,amari_distance
8,6,1000,1.0,shica_j,2,0,0,True,0,0.012008387091544816,0.06006208813903873,0.012008387091544816,0.06006208813903872,0.9999999999999999,0.0,0.016878234914591353
8,6,1000,1.0,shica_ml,2,0,0,True,0,0.0074013152996723446,0.046981672387665784,0.0074013152996723446,0.046981672387665784,0.9999999999999999,0.0,0.010846933619045292
8,6,1000,1.0,shica_j,2,0,0,True,1,0.0020061937965542656,0.02881075667859743,0.0020061937965542656,0.02881075667859743,0.9999999999999998,0.0,0.004071509071571551
8,6,1000,1.0,shica_ml,2,0,0,True,1,0.0018958037984418373,0.024398117235127453,0.0018958037984418373,0.024398117235127456,0.9999999999999998,0.0,0.002819770580172851
8,6,1000,1.0,shica_j,2,0,1,True,0,0.009115049925093535,0.053439036710351696,0.009115049925093535,0.053439036710351696,0.9999999999999999,0.0,0.01687880311068756
8,6,1000,1.0,shica_ml,2,0,1,True,0,0.0056032943458841555,0.042395755077496905,0.005603294345884156,0.042395755077496905,0.9999999999999999,0.0,0.010846989861640698
8,6,1000,1.0,shica_j,2,0,1,True,1,0.0019199313778094805,0.02788484422018869,0.0019199313778094805,0.02788484422018869,0.9999999999999998,0.0,0.004071475354163212
8,6,1000,1.0,shica_ml,2,0,1,True,1,0.0017954470140600473,0.02370325861240743,0.0017954470140600473,0.02370325861240743,0.9999999999999998,0.0,0.0028197705893895364
8,6,1000,1.0,shica_j,2,0,2,True,0,0.008103174872702774,0.05134082942125594,0.008103174872702774,0.05134082942125594,0.9999999999999999,0.0,0.01687752877477792
8,6,1000,1.0,shica_ml,2,0,2,True,0,0.004760701421694483,0.040103642491921984,0.004760701421694483,0.040103642491921984,0.9999999999999999,0.0,0.010846868651312716
8,6,1000,1.0,shica_j,2,0,2,True,1,0.001631895763081731,0.026564580558635295,0.001631895763081731,0.026564580558635295,0.9999999999999998,0.0,0.00407174874378958
8,6,1000,1.0,shica_ml,2,0,2,True,1,0.0013328522009991516,0.02172836936759337,0.0013328522009991518,0.02172836936759337,0.9999999999999998,0.0,0.002819770564287396
8,6,1000,1.0,shica_j,2,0,3,True,0,0.006656988754795565,0.048570184650965374,0.006656988754795565,0.04857018465096538,0.9999999999999999,0.0,0.016880226928810745
8,6,1000,1.0,shica_ml,2,0,3,True,0,0.0045499364129250285,0.03880473027283417,0.0045499364129250285,0.03880473027283417,0.9999999999999999,0.0,0.010847129147345133
8,6,1000,1.0,shica_j,2,0,3,True,1,0.0015645072418567004,0.025670880484049325,0.0015645072418567002,0.025670880484049325,0.9999999999999998,0.0,0.004071523325335913
8,6,1000,1.0,shica_ml,2,0,3,True,1,0.00119416893415505,0.020500866655510527,0.0011941689341550498,0.020500866655510527,0.9999999999999998,0.0,0.0028197705726983623
8,6,1000,1.0,shica_j,2,0,4,True,0,0.006301766905244556,0.04638508722149162,0.006301766905244557,0.04638508722149162,0.9999999999999999,0.0,0.01687871077868608
8,6,1000,1.0,shica_ml,2,0,4,True,0,0.004292130683691143,0.03701114434025766,0.004292130683691143,0.03701114434025766,0.9999999999999999,0.0,0.010846980031762505
8,6,1000,1.0,shica_j,2,0,4,True,1,0.0014273605140314371,0.02505494161998626,0.0014273605140314376,0.02505494161998626,0.9999999999999998,0.0,0.004071569321523395
8,6,1000,1.0,shica_ml,2,0,4,True,1,0.0010768015648584819,0.02007105270903457,0.0010768015648584819,0.02007105270903457,0.9999999999999998,0.0,0.0028197705464432857
8,6,1000,1.0,shica_j,2,0,5,True,0,0.005620975796332944,0.04347273620544602,0.005620975796332945,0.04347273620544602,0.9999999999999999,0.0,0.016888810852353074
8,6,1000,1.0,shica_ml,2,0,5,True,0,0.004048056891845499,0.03533050625606529,0.004048056891845499,0.03533050625606529,0.9999999999999999,0.0,0.010847956642613631
8,6,1000,1.0,shica_j,2,0,5,True,1,0.0013910469855779222,0.024662642816124326,0.0013910469855779222,0.024662642816124326,0.9999999999999998,0.0,0.004071303449542078
8,6,1000,1.0,shica_ml,2,0,5,True,1,0.001002633457067525,0.019837777922063187,0.001002633457067525,0.019837777922063187,0.9999999999999998,0.0,0.0028197706234323098
8,6,1000,1.0,shica_j,2,0,6,True,0,0.005552818761766424,0.04300143960588175,0.005552818761766425,0.04300143960588175,0.9999999999999999,0.0,0.01688098149609854
8,6,1000,1.0,shica_ml,2,0,6,True,0,0.003888011687681896,0.03416667296105476,0.003888011687681896,0.034166672961054766,0.9999999999999999,0.0,0.010847209657804457
8,6,1000,1.0,shica_j,2,0,6,True,1,0.0012980413871816327,0.024258731988583755,0.0012980413871816327,0.02425873198858376,0.9999999999999998,0.0,0.004071405967582413
8,6,1000,1.0,shica_ml,2,0,6,True,1,0.0009636625067424427,0.01931683779938333,0.0009636625067424427,0.01931683779938333,0.9999999999999998,0.0,0.0028197706188125794
8,6,1000,1.0,shica_j,2,0,7,True,0,0.005382684327868646,0.0420438403081875,0.12139416964582145,0.14738788698140104,0.9428571428571427,1.0,0.016876995120248563
8,6,1000,1.0,shica_ml,2,0,7,True,0,0.003802942872207842,0.033651186869583995,0.003802942872207842,0.033651186869583995,0.9999999999999999,0.0,0.01084680128772555
8,6,1000,1.0,shica_j,2,0,7,True,1,0.0012178149159873441,0.023280747398106014,0.0012178149159873441,0.023280747398106014,0.9999999999999998,0.0,0.004071615411017672
8,6,1000,1.0,shica_ml,2,0,7,True,1,0.000928753578910062,0.01865823303907231,0.000928753578910062,0.01865823303907231,0.9999999999999998,0.0,0.002819770520738657
8,6,1000,1.0,shica_j,2,0,8,True,0,0.004788583592222655,0.03884884393857556,0.11460533470832773,0.13438258923599453,0.9428571428571427,1.0,0.016877249881273933
8,6,1000,1.0,shica_ml,2,0,8,True,0,0.0034589802565507324,0.03176801729860753,0.1128240453851382,0.12911223390333604,0.9428571428571427,1.0,0.010846816087544465
8,6,1000,1.0,shica_j,2,0,8,True,1,0.0010583535737317346,0.022109211636402518,0.0010583535737317346,0.022109211636402514,0.9999999999999998,0.0,0.004071493599089396
8,6,1000,1.0,shica_ml,2,0,8,True,1,0.000816299522586405,0.017576544055000216,0.0008162995225864049,0.017576544055000212,0.9999999999999998,0.0,0.002819770581801738
8,6,1000,1.0,shica_j,2,0,9,True,0,0.00440158613392701,0.03693599910757101,0.10612451977039333,0.12627639665320137,0.9428571428571427,1.0,0.016879450330898035
8,6,1000,1.0,shica_ml,2,0,9,True,0,0.0031111950186266933,0.029885776786159446,0.10460368898655174,0.1210294045916766,0.9428571428571427,1.0,0.010847045903885048
8,6,1000,1.0,shica_j,2,0,9,True,1,0.0010217179488255874,0.0215035963697436,0.3316965475969128,0.18545078433032516,0.9428571428571427,1.0,0.0040714563731661865
8,6,1000,1.0,shica_ml,2,0,9,True,1,0.0007867555868553754,0.01728649495729436,0.3236482432236185,0.2164632866668456,0.2571428571428571,1.0,0.0028197705864888476
8,6,1000,1.0,shica_j,2,0,10,True,0,0.004264055687449312,0.03648233720829029,0.09221960296530612,0.1108806591326382,0.9428571428571427,1.0,0.016879850486772218
8,6,1000,1.0,shica_ml,2,0,10,True,0,0.00286945364459505,0.028413284879689797,0.08109657839024041,0.10939983637559665,0.9428571428571427,1.0,0.010847082393281332
8,6,1000,1.0,shica_j,2,0,10,True,1,0.001102285779240319,0.02219744026659974,0.2599645100588785,0.16259146230707758,0.9428571428571427,1.0,0.004071491664856629
8,6,1000,1.0,shica_ml,2,0,10,True,1,0.0008183785202276472,0.01742813377082223,0.25049474727428883,0.17730246784684744,0.2571428571428571,1.0,0.002819770590448238
8,6,1000,1.0,shica_j,2,0,11,True,0,0.004061504385449278,0.03539668154787351,0.07215368332548934,0.09634806861979056,0.9428571428571427,1.0,0.016877908112312896
8,6,1000,1.0,shica_ml,2,0,11,True,0,0.0027885794651191947,0.027665191392837147,0.0769314486170774,0.09936352230344031,0.9428571428571427,1.0,0.010846901154563268
8,6,1000,1.0,shica_j,2,0,11,True,1,0.001061831859266973,0.02195633798009868,0.24464935952889302,0.14750622521239098,0.9428571428571427,1.0,0.004071433454196876
8,6,1000,1.0,shica_ml,2,0,11,True,1,0.0007857459106536209,0.016962120621509882,0.24392481059664683,0.16225401040745707,0.19999999999999996,1.0,0.0028197706060410963
8,6,1000,1.0,shica_j,2,0,12,True,0,0.003930766603211285,0.03492261849155168,0.12546685456921045,0.14077035791181577,0.19999999999999996,1.0,0.016872548781889412
8,6,1000,1.0,shica_ml,2,0,12,True,0,0.0026763817777531434,0.027104442503890866,0.12400733485038994,0.134857203464725,0.19999999999999996,1.0,0.010846345431595048
8,6,1000,1.0,shica_j,2,0,12,True,1,0.0009827858077724445,0.020791045491986213,0.1337527511657931,0.10304624339011957,0.9428571428571427,1.0,0.00407152677395922
8,6,1000,1.0,shica_ml,2,0,12,True,1,0.0007304939302570536,0.016276500968746655,0.13741846808951988,0.10845312957798892,0.8857142857142856,1.0,0.0028197705688409853
8,6,1000,1.0,shica_j,2,0,13,True,0,0.003253931118499551,0.03221823756535184,0.06599346023707883,0.09846626754246955,0.19999999999999996,1.0,0.01687910087294168
8,6,1000,1.0,shica_ml,2,0,13,True,0,0.0022892867912240175,0.025083894236084793,0.06505693855905012,0.09279123336792973,0.19999999999999996,1.0,0.010847015243965526
8,6,1000,1.0,shica_j,2,0,13,True,1,0.0008113549662736939,0.019513200731419742,0.04989028977617661,0.07107333278488367,0.19999999999999996,1.0,0.00407148858673852
8,6,1000,1.0,shica_ml,2,0,13,True,1,0.0005973099136786391,0.015246540313914432,0.04985184788410299,0.0673955297687215,0.19999999999999996,1.0,0.0028197705744206236
8,6,1000,1.0,shica_j,2,0,14,True,0,0.003073605821624349,0.03124293789876531,0.03486121814329935,0.06350183497425425,0.19999999999999996,1.0,0.016879496778500404
8,6,1000,1.0,shica_ml,2,0,14,True,0,0.002089002045415263,0.02386223124405995,0.03374649539735347,0.05684467623225489,0.19999999999999996,1.0,0.010847088429658976
8,6,1000,1.0,shica_j,2,0,14,True,1,0.0007393466527428445,0.018718897120499393,0.04231893022071362,0.05092511335327115,0.19999999999999996,1.0,0.004071505024994511
8,6,1000,1.0,shica_ml,2,0,14,True,1,0.0005324941790810201,0.01459665937309902,0.041931611916814215,0.04719471486609698,0.19999999999999996,1.0,0.0028197705022901254
8,6,1000,1.0,shica_j,2,0,15,True,0,0.0028478622046227333,0.029297199306811534,0.0028478622046227333,0.029297199306811534,0.08571428571428572,1.0,0.016878635747873134
8,6,1000,1.0,shica_ml,2,0,15,True,0,0.0018734078219737724,0.022131579067368456,0.0018734078219737724,0.022131579067368456,0.08571428571428572,1.0,0.010846968628644845
8,6,1000,1.0,shica_j,2,0,15,True,1,0.0006737877403941244,0.01810589173489667,0.0006737877403941244,0.01810589173489667,-0.3714285714285714,1.0,0.004071539644688334
8,6,1000,1.0,shica_ml,2,0,15,True,1,0.00048260906214765947,0.014192955857013766,0.0004826090621476596,0.014192955857013766,-0.3714285714285714,1.0,0.002819770578790029
8,6,1000,1.0,shica_j,2,0,0,False,0,0.00890291942032927,0.053286336430513774,0.1974504050493064,0.15728719460416757,0.8714285714285713,0.375,0.016880425358126165
8,6,1000,1.0,shica_ml,2,0,0,False,0,0.005671446356352648,0.04140691347417336,0.13383434419169224,0.11323538517260347,0.8999999999999999,0.25,0.010847153377959277
8,6,1000,1.0,shica_j,2,0,0,False,1,0.002466545075003055,0.032367452896950276,0.002466545075003055,0.032367452896950276,0.9999999999999998,0.0,0.004071452429329022
8,6,1000,1.0,shica_ml,2,0,0,False,1,0.0021126972172304938,0.026315834479746166,0.0974893768808323,0.07496374540117562,0.8857142857142856,0.125,0.0028197706186718885
8,6,1000,1.0,shica_j,2,0,1,False,0,0.007766133585227801,0.049660202084931174,0.23413858085877493,0.18472796234462965,0.807142857142857,0.5,0.01687947879166345
8,6,1000,1.0,shica_ml,2,0,1,False,0,0.0048216170283045,0.038009418213312225,0.2134530501469638,0.1511132610957312,0.8285714285714285,0.375,0.010847052309744701
8,6,1000,1.0,shica_j,2,0,1,False,1,0.0023217491032703377,0.03144537167259309,0.27324081296560454,0.175838592189544,0.9714285714285713,0.5,0.004071531983577299
8,6,1000,1.0,shica_ml,2,0,1,False,1,0.001981513411194458,0.02526935172980387,0.29898768403682835,0.18374347312252215,0.9285714285714284,0.5,0.0028197706020462896
8,6,1000,1.0,shica_j,2,0,2,False,0,0.007216335712712663,0.04833946343641921,0.3092875575215485,0.21274590082917097,0.7571428571428571,0.625,0.0168783900092598
8,6,1000,1.0,shica_ml,2,0,2,False,0,0.004416447921865526,0.03601390760684258,0.26226862716561405,0.18243124109996026,0.7642857142857142,0.5,0.010846954026333584
8,6,1000,1.0,shica_j,2,0,2,False,1,0.002197825878518001,0.0306194485561351,0.32062382680788815,0.21934723361190633,0.857142857142857,0.75,0.004071708232164187
8,6,1000,1.0,shica_ml,2,0,2,False,1,0.00173714857695059,0.02402356724288033,0.3429126774451675,0.22719548638864376,0.8142857142857142,0.75,0.0028197706779982956
8,6,1000,1.0,shica_j,2,0,3,False,0,0.0057729919465041735,0.04499971970053937,0.3020901878386654,0.22393684484697962,0.6857142857142857,0.75,0.016879338994832013
8,6,1000,1.0,shica_ml,2,0,3,False,0,0.003690075549702621,0.033514204388423535,0.2216140526887559,0.17613289061829124,0.7142857142857142,0.625,0.010847020230505681
8,6,1000,1.0,shica_j,2,0,3,False,1,0.0020549257763130607,0.02975322268004368,0.42766693198841554,0.2424557190762601,0.7785714285714285,0.75,0.0040715450060058835
8,6,1000,1.0,shica_ml,2,0,3,False,1,0.0016195708321248361,0.02353947322623067,0.4428626135371574,0.24865092988620635,0.7357142857142857,0.75,0.0028197705642568883
8,6,1000,1.0,shica_j,2,0,4,False,0,0.005646484746488847,0.04531796497946724,0.30876627886836006,0.24338987490202058,0.6714285714285714,0.875,0.016880063008150113
8,6,1000,1.0,shica_ml,2,0,4,False,0,0.0036008416490391324,0.033131311364678145,0.2258329462429677,0.1954449743879092,0.7,0.75,0.010847096383950917
8,6,1000,1.0,shica_j,2,0,4,False,1,0.0019585729024205797,0.029672461794593912,0.4340460390881406,0.26179624584738187,0.7428571428571427,0.75,0.004071370042384626
8,6,1000,1.0,shica_ml,2,0,4,False,1,0.0015570633847082618,0.023505419885572802,0.4320317097237129,0.2560392862511942,0.7428571428571427,0.75,0.002819770611875179
8,6,1000,1.0,shica_j,2,0,5,False,0,0.0049921095962083065,0.04284955317611801,0.17500816519901205,0.1792138621336872,0.7,0.75,0.01687713583239773
8,6,1000,1.0,shica_ml,2,0,5,False,0,0.0033392256769497353,0.03229722686092507,0.1707063410773563,0.17203277842705084,0.7,0.75,0.010846832631206282
8,6,1000,1.0,shica_j,2,0,5,False,1,0.001785451224876751,0.02838984962886518,0.3903171578685616,0.24463625966159017,0.657142857142857,0.75,0.004071482921788874
8,6,1000,1.0,shica_ml,2,0,5,False,1,0.0013187846314427938,0.02206314631962762,0.3999447355800156,0.2381124854026354,0.607142857142857,0.75,0.0028197705930092824
8,6,1000,1.0,shica_j,2,0,6,False,0,0.004416804385789445,0.04116978217416445,0.1509128739444941,0.17886836263894768,0.557142857142857,0.75,0.01687677293360666
8,6,1000,1.0,shica_ml,2,0,6,False,0,0.0026257091577507074,0.029758558570216722,0.15210125971639987,0.1723726144555372,0.4642857142857143,0.75,0.010846789577644147
8,6,1000,1.0,shica_j,2,0,6,False,1,0.0015958194433376718,0.026911136321141203,0.5678170376583989,0.30252839898400374,0.5857142857142856,0.875,0.004071532589427586
8,6,1000,1.0,shica_ml,2,0,6,False,1,0.0011920323301780706,0.020851073159635396,0.5070004843598773,0.2818138154395398,0.5499999999999999,0.875,0.002819770602942797
8,6,1000,1.0,shica_j,2,0,7,False,0,0.0044683745124738,0.04125036179151477,0.1823669655363359,0.18985628884643352,0.44999999999999996,0.875,0.016876583996524218
8,6,1000,1.0,shica_ml,2,0,7,False,0,0.0026829541492061387,0.02999139225126518,0.15914479853077154,0.18052023224000205,0.2928571428571428,0.875,0.010846780408384417
8,6,1000,1.0,shica_j,2,0,7,False,1,0.0014451713281399803,0.02565841243370745,0.5507403603817863,0.29454736598047243,0.4928571428571428,1.0,0.004071292554142602
8,6,1000,1.0,shica_ml,2,0,7,False,1,0.0011138836781271453,0.020332268903107544,0.46471252440180777,0.27269742546443854,0.3999999999999999,1.0,0.0028197706859356755
8,6,1000,1.0,shica_j,2,0,8,False,0,0.004245991915104054,0.039758019298807575,0.14064154821426397,0.17080866517291918,0.2785714285714286,0.875,0.016879725042742856
8,6,1000,1.0,shica_ml,2,0,8,False,0,0.0025993612077019165,0.02849537395243462,0.14239099522865525,0.16597932125573184,0.1,0.875,0.010847093691830994
8,6,1000,1.0,shica_j,2,0,8,False,1,0.001353233021536166,0.024538233537873832,0.3833228369191107,0.25222825538182403,0.3142857142857143,1.0,0.004071422507758868
8,6,1000,1.0,shica_ml,2,0,8,False,1,0.0010399408822142327,0.019240184657524854,0.3358369378589177,0.2388665184911396,0.23571428571428565,1.0,0.002819770604508813
8,6,1000,1.0,shica_j,2,0,9,False,0,0.004235266876724843,0.0395287730699328,0.1387620782875002,0.17816595902835572,0.2714285714285714,1.0,0.016879564650491726
8,6,1000,1.0,shica_ml,2,0,9,False,0,0.002554186089117775,0.028471279074171168,0.14048993042132565,0.17348686635020694,0.05,1.0,0.010847069668452052
8,6,1000,1.0,shica_j,2,0,9,False,1,0.0012617514737245578,0.023700004570952962,0.35249463078880994,0.2345320101217404,0.10714285714285714,1.0,0.004071498608658661
8,6,1000,1.0,shica_ml,2,0,9,False,1,0.000973017652039233,0.018856438496721764,0.30628132308651057,0.22121591592140252,0.035714285714285726,1.0,0.002819770584144165
8,6,1000,1.0,shica_j,2,0,10,False,0,0.004027641545257863,0.037727745765154884,0.13218489937609643,0.16388715467541617,0.26428571428571423,1.0,0.016878809789514077
8,6,1000,1.0,shica_ml,2,0,10,False,0,0.0024834122459934196,0.027489379250884384,0.15371359459191897,0.17347536918735418,0.04285714285714286,1.0,0.010846990075143333
8,6,1000,1.0,shica_j,2,0,10,False,1,0.0012041073613367692,0.02330107167369113,0.21667742226525283,0.17309329404020904,0.0857142857142857,1.0,0.004071512519155931
8,6,1000,1.0,shica_ml,2,0,10,False,1,0.0008597402535761127,0.018108080474289093,0.24831478222116068,0.1819631665686549,0.07857142857142856,1.0,0.002819770582880958
8,6,1000,1.0,shica_j,2,0,11,False,0,0.0038074791586755596,0.0360725402679681,0.10983605047601783,0.13272616872057766,0.26428571428571423,1.0,0.01687773809189689
8,6,1000,1.0,shica_ml,2,0,11,False,0,0.002398078334418881,0.026690728541357005,0.11463589126720478,0.13151893631433328,0.0357142857142857,1.0,0.010846893672297277
8,6,1000,1.0,shica_j,2,0,11,False,1,0.0010765219357972216,0.022683887048836344,0.18297638102958638,0.14664023354268438,0.0857142857142857,1.0,0.0040715481890429605
8,6,1000,1.0,shica_ml,2,0,11,False,1,0.0007699008107713424,0.017675221287002003,0.22689304338582555,0.16855633300997463,0.11428571428571427,1.0,0.002819770580152041
8,6,1000,1.0,shica_j,2,0,12,False,0,0.003780932769609646,0.03620595001653193,0.11982860861353428,0.13248007692726516,0.14285714285714285,1.0,0.0168782950531933
8,6,1000,1.0,shica_ml,2,0,12,False,0,0.0023807459212447854,0.026702193168231015,0.1172447827380411,0.1249519303615788,0.07857142857142857,1.0,0.010846925968960369
8,6,1000,1.0,shica_j,2,0,12,False,1,0.0009808950499085461,0.021999001782241116,0.1792878989598648,0.13026362983089998,0.09999999999999998,1.0,0.004071525614804598
8,6,1000,1.0,shica_ml,2,0,12,False,1,0.0007018566059061552,0.01707175763051503,0.17431302937302692,0.1254187021072779,0.2357142857142857,1.0,0.002819770610729184
8,6,1000,1.0,shica_j,2,0,13,False,0,0.0031791253257332764,0.032168304594229674,0.06422226811247143,0.09328290052538854,0.1357142857142857,1.0,0.0168784298028126
8,6,1000,1.0,shica_ml,2,0,13,False,0,0.0021188718317698882,0.02432814379189718,0.06313414747970253,0.08646675227559639,0.1357142857142857,1.0,0.010846955860822599
8,6,1000,1.0,shica_j,2,0,13,False,1,0.00083923602595347,0.020102756305545515,0.06001262190621784,0.07367444819761212,0.1142857142857143,1.0,0.004071693090143043
8,6,1000,1.0,shica_ml,2,0,13,False,1,0.0005878302822416732,0.015557049722283327,0.05982736886066293,0.06933998809770722,0.15000000000000002,1.0,0.002819770584539444
8,6,1000,1.0,shica_j,2,0,14,False,0,0.0030515490746204905,0.03090750806540333,0.030496059832597518,0.05670366764662983,0.19999999999999998,1.0,0.016878288283326874
8,6,1000,1.0,shica_ml,2,0,14,False,0,0.002004869615577173,0.023060427195972764,0.029688511736393235,0.04955958095536709,0.19999999999999998,1.0,0.010846945709205684
8,6,1000,1.0,shica_j,2,0,14,False,1,0.0007110752552664403,0.018733261797891407,0.04287793568808461,0.05101906443861178,0.14285714285714285,1.0,0.004071570526409105
8,6,1000,1.0,shica_ml,2,0,14,False,1,0.0005084900456040213,0.0146567143659146,0.042672191505433985,0.046893422598345426,0.17857142857142858,1.0,0.0028197706171679436
8,6,1000,1.0,shica_j,2,0,15,False,0,0.0028478622046227333,0.029297199306811534,0.0028478622046227333,0.029297199306811534,0.13571428571428573,1.0,0.016878635747873134
8,6,1000,1.0,shica_ml,2,0,15,False,0,0.0018734078219737724,0.022131579067368456,0.0018734078219737724,0.022131579067368456,0.13571428571428573,1.0,0.010846968628644845
8,6,1000,1.0,shica_j,2,0,15,False,1,0.0006737877403941244,0.01810589173489667,0.0006737877403941244,0.01810589173489667,0.12142857142857143,1.0,0.004071539644688334
8,6,1000,1.0,shica_ml,2,0,15,False,1,0.00048260906214765947,0.014192955857013766,0.0004826090621476596,0.014192955857013766,0.1142857142857143,1.0,0.002819770578790029
